0.00263676
0.00424617
0.00363515
0.00293498
0.00261076
0.00376203
0.00261822
0.00283196
0.00285249
0.00288851
0.00252629
0.00300336
0.00254566
0.00270955
0.00255722
0.00260792
0.00265227
0.00253181
0.00263243
0.00258501
0.00250849
0.00291068
0.00293556
0.00253981
0.00295761
0.00319981
0.00356456
0.00349975
0.00294435
0.00284371
0.00249164
0.00287286
0.00287717
0.00306204
0.00314203
0.00291378
0.00368900
0.00469649
0.00251601
0.00249259
0.00257629
0.00290059
0.00254160
0.00420865
0.00356555
0.00354083
0.00298405
0.00274232
0.00364233
0.00253999
0.00360677
0.00295446
0.00308094
0.00290533
0.00354444
0.00293737
0.00289530
0.00277288
0.00253366
0.00255034
0.00252830
0.00291334
0.00251887
0.00293085
0.00253349
0.00291219
0.00316866
0.00255440
0.00320569
0.00290658
0.00262783
0.00280972
0.00393315
0.00272553
0.00427932
0.00436998
0.00376884
0.00251383
0.00259124
0.00253589
0.00255612
0.00252865
0.00252302
0.00255130
0.00259069
0.00264148
0.00303311
0.00255736
0.00257174
0.00255677
0.00260216
0.00269083
0.00371252
0.00284662
0.00461776
0.00380244
0.00280630
0.00267312
0.00480633
0.00432143
0.00327206
0.00265815
0.00337914
0.00370420
0.00262655
0.00256776
0.00262970
0.00264529
0.00311012
0.00271352
0.00266708
0.00266370
0.00259221
0.00440144
0.00428331
0.00464655
0.00446432
0.00432348
0.00445397
0.00436461
0.00442291
0.00465108
0.00256422
0.00000000
0.00000000
0.00000000
0.00000000
0.00499485
0.00402560
0.00233340
0.00356054
0.00280349
0.00527424
0.00369147
0.00227578
0.00227702
0.00206569
0.00207940
0.00221334
0.00203970
0.00326533
0.00215743
0.00237303
0.00217118
0.00201715
0.00198548
0.00225366
0.00337225
0.00283131
0.00208433
0.00201488
0.00199826
0.00206593
0.00206420
0.00349610
0.00353115
0.00209826
0.00206810
0.00217651
0.00202213
0.00217678
0.00353801
0.00353896
0.00358837
0.00373872
0.00374196
0.00974132
0.00355621
0.00212417
0.01004828
0.00375963
0.00324480
0.00372663
0.00347499
0.00363028
0.00377011
0.00364015
0.00350676
0.00324700
0.00203576
0.00000000
0.00000000
0.00000000
0.00000000
0.00156056
0.00269597
0.00244056
0.00247633
0.00239547
0.00246339
0.00242578
0.00249933
0.00236870
0.00244965
0.00250147
0.00149691
0.00240351
0.00247798
0.00241157
0.00244542
0.00238528
0.00242269
0.00246907
0.00184396
0.00149345
0.00144063
0.00142189
0.00221004
0.00235301
0.00241445
0.00148345
0.00150621
0.00149069
0.00146070
0.00148918
0.00147068
0.00148983
0.00145778
0.00143809
