0.00149492
0.01367229
0.01508004
0.01171236
0.01383433
0.01322659
0.01222659
0.01432475
0.01233794
0.01184598
0.01240941
0.01432722
0.01332758
0.01262502
0.01203303
0.01268699
0.01532835
0.01354298
0.01381433
0.01342881
0.01345074
0.01737461
0.01441474
0.02396780
0.01626820
0.01400516
0.01404430
0.01418961
0.01636784
0.01498687
0.01247657
0.01316691
0.01360386
0.01355742
0.01324565
0.02680734
0.06505523
0.01255553
0.01173267
0.01252054
0.01246835
0.01116451
0.01269017
0.01279472
0.01132106
0.01225993
0.01310853
0.01682419
0.01289535
0.01472431
0.01642671
0.01820387
0.01776965
0.01439909
0.01359552
0.01436109
0.01322319
0.01271249
0.01262438
0.01175277
0.01342161
0.01326819
0.01226133
0.01248352
0.01340958
0.01417598
0.01437168
0.01315126
0.01304611
0.01187163
0.01205685
0.01295836
0.01448641
0.01340946
0.01348950
0.00000000
0.00000000
0.00000000
0.00000000
0.00123425
0.01540342
0.01503092
0.01564925
0.01416471
0.01651512
0.01449046
0.01399508
0.01856284
0.01406042
0.01206034
0.01344919
0.01413070
0.01407704
0.01429108
0.01242481
0.01534211
0.01250754
0.01250948
0.01212214
0.01301731
0.01294102
0.01231603
0.01219721
0.01483286
0.01794323
0.01458512
0.01439454
0.01320013
0.01266707
0.01217437
0.01292346
0.01188570
0.01306984
0.01453911
0.01224208
0.01294466
0.01227424
0.01264056
0.01226037
0.01206653
0.01210249
0.02075299
0.01312554
0.01269740
0.01218907
0.01519856
0.01213460
0.01512598
0.01317936
0.01235175
0.01302387
0.01261896
0.01386269
0.01563584
0.01334438
0.01289311
0.01336025
0.01306302
0.01261713
0.01203521
0.01452714
0.01220039
0.01334360
0.01282752
0.01239315
0.01305217
0.01259118
0.01407444
0.01288222
0.01211793
0.01301357
0.01266583
0.01296129
0.01570905
0.01291424
0.01236115
0.01354047
0.01312715
0.01553193
0.01262215
0.01367557
0.01224225
0.01241664
0.01424583
0.01328173
0.01289820
0.01455725
0.01258139
0.01640225
0.01635697
0.01354315
0.01362680
0.01293680
0.01385752
0.01266666
0.01264682
0.01356553
0.01431095
0.01274696
0.01254102
0.01224856
0.01253894
0.01408325
0.01357396
0.01312335
0.01272053
0.01258765
0.01581787
0.01298587
0.01252272
0.01282016
0.01238358
0.01247216
0.01341699
0.01281058
0.01284179
0.01625320
0.01390861
0.01328397
0.01300063
0.01242129
0.01291287
0.01230262
0.00000000
0.00000000
0.00000000
0.00000000
0.00058836
0.01201488
0.01140527
0.01268764
0.01258458
0.01217327
0.01193551
0.01265556
0.01243729
0.01135655
0.01172076
0.01164537
0.01170256
0.01258841
0.01199134
0.01142543
0.01179887
0.01280843
0.01259373
0.01193474
0.01150481
0.01142393
0.01269535
0.01174927
0.01284715
0.01234246
0.01275155
0.01284095
0.01288129
0.01201588
0.01239506
0.01338289
0.01309373
0.01712329
0.01265064
0.01350720
0.01221684
0.01225184
0.01188090
0.01195214
0.01223381
0.01152927
0.00000000
0.00000000
0.00000000
0.00000000
0.00067576
0.01197757
0.01192154
0.01181098
0.01158806
0.01261222
0.01199604
0.01188146
0.01219969
0.01473210
0.01234859
0.01401872
0.01158835
0.01338704
0.01230450
0.01148755
0.01243165
0.01179726
0.01506754
0.01246299
0.01590316
0.01617325
0.01388194
0.01294049
0.01637543
0.01190118
0.01224127
0.01245255
0.01235594
0.01153383
0.01199865
0.01953368
0.01157921
0.01353407
0.01303989
0.01282058
0.01188522
0.01462534
0.01506888
0.01289417
0.01255412
0.01296174
0.01161097
0.01498480
0.01371873
0.01214387
0.01203819
0.01204179
0.01220013
0.01270707
0.01162396
0.01293458
0.01270096
0.01251682
0.01236379
0.01497325
0.01199076
0.01387701
0.01274135
0.01173035
0.01355031
0.01281932
0.01196649
0.01183365
0.01196635
0.01605256
0.01294842
0.01399164
0.01291769
0.01222850
0.01148460
0.01609708
0.01593969
0.01221648
0.01339882
0.01199384
0.01185691
0.01243948
0.01178735
0.01213550
0.01513180
0.01293190
0.01196684
0.01264182
0.01478529
0.01205238
0.01402049
0.01381630
0.01218939
0.01140541
0.01570343
0.01571332
0.01167566
0.01645515
0.01226278
0.01502748
0.01269305
0.01221494
0.01241491
0.01239276
0.01139389
0.01155594
0.01571334
0.01138005
0.01206761
0.01163267
0.01368541
0.01489829
0.01607609
0.01262247
0.01229569
0.01156665
0.01156675
0.01230062
0.01304075
0.01171051
0.01172111
0.01245151
0.01148199
0.01238822
0.01395864
0.01291273
0.01243367
0.01193230
0.01362862
0.01308953
0.01170731
0.01149011
0.01362903
0.01266648
0.01500166
0.01254726
0.01205729
0.01187470
0.01247144
0.01176466
0.01335168
0.02055981
0.01241077
0.01220567
0.00000000
0.00000000
0.00000000
0.00000000
0.00058561
0.01158047
0.01138267
0.01144449
0.01323643
0.01157484
0.01310875
0.01059363
0.01180481
0.01079555
0.01132266
0.01136234
0.01312673
0.01360711
0.01202578
0.01505772
0.01224046
0.01127051
0.01120938
0.01183053
0.01096826
0.01441355
0.01577587
0.01247359
0.01354474
0.01157520
0.01658309
0.01224727
0.00000000
0.00000000
0.00000000
0.00000000
0.00072420
0.01380371
0.01153152
0.01414581
0.01492725
0.01574054
0.01239625
0.01178137
0.01190826
0.01545118
0.01166575
0.01182195
0.01167741
0.01204746
0.01253396
0.01154439
0.01159821
0.01239341
0.01180004
0.01262495
0.01414803
0.01270533
0.01241690
0.01132975
0.01230014
0.01173438
0.01176259
0.01266406
0.01248930
0.01307181
0.01192883
0.01174696
0.01505150
0.01361967
0.01182165
0.01185816
0.01149574
0.01145226
0.01336326
0.01219262
0.01241212
0.01277998
0.01148971
0.01140537
0.01155663
0.01272605
0.01158081
0.01567669
0.01251548
0.01242630
0.01420784
0.01157809
0.01192487
0.01199605
0.01605674
0.01256273
0.01166779
0.01203224
0.01188312
0.01165869
0.01302751
0.01261839
0.01266409
0.01209546
0.01198887
0.01301924
0.01233438
0.01166589
0.01358294
0.01277232
0.01173491
0.01507235
0.01167824
0.01648260
0.01249609
0.01257203
0.01277621
0.01311088
0.01230913
0.01225856
0.01216935
0.01181993
0.01617190
0.01229171
0.01266500
0.01169395
0.01291500
0.01174898
0.01193216
0.01559449
0.01249459
0.01212902
0.00000000
0.00000000
0.00000000
0.00000000
0.00061826
0.01355899
0.01597839
0.01276372
0.01262414
0.01300670
0.01337177
0.01314035
0.01259972
0.01230663
0.01426729
0.01407641
0.01252789
0.01279683
0.01315238
0.01308184
0.01260961
0.01377830
0.01238750
0.01243188
0.01268407
0.01712071
0.01308406
0.01353084
0.01291641
0.01725751
0.01343278
0.01342025
0.01359981
0.01322333
0.01396118
0.01358226
0.01291106
0.01305274
0.01309606
0.01649372
0.01404549
0.01471361
0.01427248
0.01390174
0.01299805
0.01281240
0.01265797
0.01313553
0.01295329
0.01390099
0.01284748
0.01374079
0.01312570
0.01371428
0.01451946
0.01354762
0.01288196
0.01467685
0.01368009
0.01276565
0.01249553
0.01252279
0.01306025
0.01268449
0.01274784
0.01417353
0.01255431
0.01259752
0.01349379
0.01233686
0.00000000
0.00000000
0.00000000
0.00000000
0.00059533
0.01137808
0.01156201
0.01073228
0.01074151
0.01046598
0.01052268
