0.00088462
0.01961960
0.01913809
0.01871159
0.01841328
0.02251359
0.01679452
0.01969367
0.01480951
0.01927931
0.01889965
0.01770339
0.02032733
0.01968675
0.01779197
0.02067787
0.02098653
0.02250086
0.01831639
0.02007271
0.01869577
0.02102830
0.01752096
0.01673323
0.01824437
0.01811066
0.02464481
0.02205335
0.01759205
0.01800623
0.02225092
0.01786459
0.01683247
0.01662612
0.01531883
0.01619463
0.01699161
0.01793682
0.01900864
0.01873127
0.01743233
0.01688272
0.01643730
0.01962313
0.01778099
0.01821793
0.01664560
0.01813375
0.01706299
0.01727901
0.02310356
0.01738727
0.01892777
0.01935165
0.01896925
0.01798076
0.01556750
0.01479726
0.01602884
0.01483033
0.01969509
0.01812699
0.01615605
0.01769469
0.01594038
0.01797077
0.01681260
0.01476414
0.01496363
0.01626461
0.01872041
0.01531365
0.01432853
0.01439532
0.01981714
0.01605328
0.01586773
0.01558878
0.01642143
0.01491020
0.01553018
0.01521981
0.01561772
0.01480092
0.01517555
0.01434495
0.01457969
0.01456583
0.01520082
0.01437333
0.01481127
0.01623296
0.01836851
0.01560732
0.01607157
0.01802836
0.01473509
0.01501837
0.01457106
0.01937707
0.01468865
0.01562566
0.01429765
0.01441471
0.01434676
0.01593587
0.01441957
0.01839261
0.01605677
0.01769927
0.01698549
0.01742278
0.01605457
0.01471937
0.01571186
0.01471226
0.01426490
0.01418806
0.01440314
0.01475722
0.01575558
0.01695329
0.01613902
0.01567109
0.01596336
0.01851924
0.01462196
0.01460746
0.01455993
0.02116012
0.01685172
0.01640342
0.01480036
0.02030871
0.01828683
0.01440808
0.01607067
0.01577306
0.02463498
0.01779752
0.01543842
0.01575371
0.01586910
0.01792003
0.01519877
0.01512157
0.01585505
0.01555134
0.01476753
0.01684327
0.01753639
0.01529826
0.01581450
0.01560166
0.01676259
0.01568678
0.01510468
0.01536786
0.01814159
0.01571596
0.01644711
0.01542929
0.01519512
0.01588491
0.01544913
0.01629821
0.01576288
0.01703479
0.01800814
0.01554123
0.01958986
0.01881933
0.01812655
0.01515334
0.01477300
0.01597501
0.01659424
0.01691551
0.01670789
0.01845457
0.01571661
0.01478121
0.01914490
0.01797269
0.01439118
0.01459478
0.01545025
0.01449259
0.01432817
0.01470589
0.01433720
0.01483866
0.01412760
0.01532465
0.01418175
0.01425718
0.01459121
0.01420844
0.01441960
0.01505107
0.01812715
0.01505594
0.01571217
0.01581015
0.01742139
0.01891107
0.01794868
0.01668419
0.01690709
0.01657396
0.01762239
0.02074311
0.01486238
0.01455702
0.01553335
0.01527206
0.01510467
0.01682803
0.01827721
0.01894341
0.01773357
0.01850162
0.01813988
0.01845310
0.01764886
0.01662996
0.01725791
0.01728005
0.01817208
0.01744668
0.02362849
0.02004548
0.02020539
0.01966972
0.01874517
0.01633561
0.01626985
0.01669968
0.01828207
0.01466045
0.01466391
0.01447363
0.01756083
0.00000000
0.00000000
0.00000000
0.00000000
0.00096146
0.01711225
0.01837191
0.01454629
0.01992451
0.01913686
0.01552753
0.01496088
0.01428774
0.01451597
0.01410231
0.01512122
0.01452510
0.01461987
0.01533830
0.01966000
0.01505845
0.01605200
0.01429110
0.01404717
0.01445532
0.01461680
0.01615053
0.01516035
0.01518562
0.02102869
0.01612123
0.01940902
0.01406423
0.01860371
0.01634714
0.01576583
0.02205287
0.01764317
0.01749587
0.01326022
0.01784903
0.01777699
0.01385262
0.01377582
0.01413422
0.01355159
0.01284938
0.01331177
0.01691103
0.01280771
0.01385279
0.01312203
0.01300240
0.01604928
0.01470812
0.01538295
0.01529417
0.01423908
0.01400700
0.01562378
0.01356787
0.01325667
0.01781202
0.01918143
0.01523607
0.01492745
0.01801771
0.01474329
0.01437266
0.01553044
0.01447143
0.01511256
0.01810098
0.00000000
0.00000000
0.00000000
0.00000000
0.00089445
0.01951129
0.01248405
0.01328063
0.01360977
0.01748946
0.01653878
0.01722982
0.01562466
0.01314613
0.01336318
0.01490523
0.01774138
0.01273908
0.01380491
0.01289606
0.01280000
0.01366269
0.01428527
0.01327812
0.01250487
0.01225789
0.01344317
0.01323336
0.01378614
0.01382830
0.01348394
0.01360561
0.01405618
0.01390318
0.01568993
0.01950467
0.01562809
0.01485290
0.01705357
0.01366108
0.01493164
0.01421642
0.01387734
0.01481174
0.01629495
0.01441371
0.01804568
0.01760234
0.01377406
0.01523873
0.01434441
0.01309108
0.01316185
0.01260174
0.01570752
0.01617189
0.01355836
0.01250358
0.01287220
0.01254885
0.01258546
0.01243968
0.01699807
0.01240550
0.01296122
0.01362405
0.01362658
0.01294082
0.01527221
0.01400805
0.01331515
0.01630368
0.00000000
0.00000000
0.00000000
0.00000000
0.00086259
0.01490441
0.01135865
0.01206594
0.01478798
0.01235310
0.01285587
0.01153454
0.01145842
0.01117533
0.01233521
0.01225945
0.01248617
0.01346323
0.01430853
0.01170749
0.01258469
0.01229682
0.01345625
0.01357764
0.01414453
0.01299451
0.01381343
0.01419299
0.01457989
0.01449999
0.01453823
0.01318343
0.01366359
0.01374841
0.01537937
0.01399419
0.01537468
0.01580733
0.01381212
0.01860909
0.01303208
0.01253196
0.01343291
0.01297170
0.01717302
0.01610836
0.01437741
0.01316031
0.01364706
0.01436018
0.01581032
0.01386548
0.01382710
0.01546989
0.01366400
0.01330584
0.01420221
0.01397419
0.01414713
0.01485818
0.01284855
0.01370962
0.01321460
0.01406412
0.01232947
0.01248519
0.01449772
0.01315493
0.01325657
0.01209060
0.01169133
0.01225274
0.01570275
0.01554506
0.01424630
0.01411834
0.01371514
0.01579589
0.01393842
0.01637739
0.01477783
0.00000000
0.00000000
0.00000000
0.00000000
0.00071186
0.01392575
0.01268064
0.01144071
0.01245925
0.01354171
0.01468109
0.01547408
0.01625225
0.01564816
0.01581087
0.01285896
0.01218842
0.01188290
0.01293996
0.01259877
0.01232660
0.01620945
0.01643901
0.01197499
0.01229279
0.01235304
0.01230284
0.01593994
0.01573652
0.01571004
0.01299523
0.01557404
0.00000000
0.00000000
0.00000000
0.00000000
0.00105487
0.01309268
0.01316235
0.01150889
0.01163098
0.01273291
0.01251621
0.01304459
0.01205798
0.01148654
0.01235576
0.01162298
0.01221544
0.01392817
0.01532272
0.01634542
0.01513781
0.01961068
0.01310234
0.01546687
0.00000000
0.00000000
0.00000000
0.00000000
0.00086147
0.01580954
0.01571143
0.01606578
0.01632200
0.01337191
0.01575200
0.01590892
0.01244151
0.01549904
0.01277831
0.01296829
0.01579544
0.01348544
0.01187624
0.01243346
0.01705674
0.01614245
0.01251205
0.01558218
0.01656159
0.01579194
0.01155120
0.01424558
0.01620286
0.02023766
0.01607246
0.01620062
0.01620887
0.01454062
0.01395481
0.01599703
0.01620775
0.01594272
0.01606752
0.01613801
0.01582976
0.01609169
0.01350000
0.01243155
