0.00264648
0.00326840
0.00263977
0.00257209
0.00312372
0.00394299
0.00258122
0.00310688
0.00324161
0.00290089
0.00259599
0.00291567
0.00342133
0.00305548
0.00259981
0.00261185
0.00313552
0.00302041
0.00259171
0.00311308
0.00299051
0.00259263
0.00252788
0.00267189
0.00260572
0.00312201
0.00319490
0.00369903
0.00315798
0.00264623
0.00264553
0.00297594
0.00257282
0.00235182
0.00312611
0.00301409
0.00313821
0.00316790
0.00293490
0.00313327
0.00321507
0.00343487
0.00294228
0.00233549
0.00228857
0.00229001
0.00224195
0.00361542
0.00318670
0.00239686
0.00330718
0.00386582
0.00324987
0.00272428
0.00256393
0.00332266
0.00314926
0.00343238
0.00271903
0.00242309
0.00285228
0.00350700
0.00265578
0.00270556
0.00220560
0.00240894
0.00234158
0.00224010
0.00376988
0.00222087
0.00355211
0.02037479
0.00348375
0.00226997
0.00231570
0.00270684
0.00305280
0.01181540
0.00259270
0.00238249
0.00231554
0.00233589
0.00231569
0.00405733
0.00386371
0.00328168
0.00260656
0.00315558
0.00368468
0.00477237
0.00235442
0.00342573
0.00324660
0.00242685
0.00379660
0.00242999
0.00241825
0.00397198
0.00241963
0.00277910
0.00251097
0.00277493
0.00242032
0.00263874
0.00382000
0.00255396
0.00236380
0.00285178
0.00406135
0.00441475
0.00293946
0.00238020
0.00238329
0.00239032
0.00239212
0.00236647
0.00251187
0.00241457
0.00231278
0.00378309
0.00237336
0.00245455
0.00247351
0.00238619
0.00236058
0.00320230
0.00377536
0.00245665
0.00341658
0.00246298
0.00239047
0.00279927
0.00470223
0.00258089
0.00251962
0.00247791
0.00375123
0.00254983
0.02046061
0.00315418
0.00242082
0.00449454
0.00359743
0.00241695
0.00414716
0.00322794
0.00252853
0.00242462
0.00249380
0.00233378
0.00240182
0.00237227
0.00239551
0.00254238
0.00360960
0.00245241
0.00243909
0.00237132
0.00241193
0.00246104
0.00245663
0.00281409
0.00399886
0.00239247
0.00261749
0.00237992
0.00409733
0.00404556
0.00400737
0.00429931
0.00907205
0.00411376
0.00755910
0.03739484
0.00430943
0.00859926
0.00563670
0.00262821
0.00243158
0.00395689
0.00252257
0.00390080
0.00240846
0.00232132
0.00231560
0.00297700
0.00421644
0.00415759
0.00962654
0.01608460
0.01373489
0.00303177
0.00237462
0.00234281
0.00247436
0.00376226
0.00236069
0.00239106
0.00392276
0.00444283
0.01714965
0.00675419
0.01228830
0.00390258
0.00246766
0.01407312
0.00279247
0.00276947
0.00234321
0.00235475
0.00282298
0.00577003
0.00358763
0.02751878
0.00247438
0.01111231
0.00405214
0.00332945
0.00445646
0.00432403
0.00281073
0.00428566
0.00545256
0.00772004
0.00497957
0.00413578
0.00253617
0.00252172
0.00249721
0.00236789
0.00336440
0.00428336
0.00242554
0.00262128
0.00441242
0.00392496
0.00235212
0.00375896
0.00549465
0.01126488
0.00405311
0.00635833
0.00285413
0.00413639
0.00254890
0.00322442
0.00234208
0.00372299
0.00270315
0.00234237
0.00281451
0.00390891
0.00318948
0.00395445
0.00236326
0.00238921
0.00249883
0.00234227
0.00233858
0.00237178
0.00239716
0.00907506
0.00478648
0.00271765
0.00253867
0.00291094
0.00326733
0.00386700
0.00249866
0.00431271
0.00232257
0.00308440
0.00241954
0.00250165
0.00242032
0.00339437
0.00380921
0.00362766
0.00601719
0.00241507
0.00235604
0.00264521
0.00327572
0.00315782
0.00319561
0.00328065
0.00296384
0.00258917
0.00302859
0.00311673
0.00318627
0.00288301
0.00299317
0.00316478
0.00265272
0.00310950
0.00313549
0.00277765
0.00311388
0.00317459
0.00273428
0.00370063
0.00409780
0.00409544
0.01325136
0.00706302
0.00334311
0.00351556
0.00261929
0.00314330
0.00336973
0.00270905
0.00321532
0.00342951
0.00271578
0.00317545
0.00336292
0.00276632
0.00325333
0.00271148
0.00323283
0.00311979
0.00283857
0.00321230
0.00327439
0.00309292
0.00298826
0.00333525
0.00312246
0.00313604
0.00341756
0.00307871
0.00313836
0.00326871
0.00322593
0.00330243
0.00304279
0.00256859
0.00313063
0.00261437
0.00278193
0.00313342
0.00318853
0.00321250
0.00239750
0.00232225
0.00234120
0.00301076
0.00238275
0.00232038
0.00323311
0.00229274
0.00247906
0.00267168
0.00243958
0.00228937
0.00232100
0.00241644
0.00259115
0.00268545
0.00226116
0.00228156
0.00277556
0.00317374
0.00264057
0.00258785
0.00228933
0.00279241
0.00313264
0.00326713
0.00277762
0.00323761
0.00327619
0.00317222
0.00315768
0.00289031
0.00290278
0.00232489
0.00290761
0.00240661
0.00223642
0.00330511
0.00271416
0.00270470
0.00336561
0.00273594
0.00259908
0.00292237
0.00292574
0.00315888
0.00323567
0.00260055
0.00329125
0.00247007
0.00250669
0.00234903
0.00317605
0.00285242
0.00257489
0.00350856
0.00310156
0.00260558
0.00254491
0.00257765
0.00257460
0.00280313
0.00388939
0.00257061
0.00303479
0.00322146
0.00318109
0.00313866
0.00335194
0.00297227
0.00313617
0.00325866
0.00313785
0.00313038
0.00318342
0.00307627
0.00320339
0.00260514
0.00292501
0.00270670
0.00232331
0.00232097
0.00255004
0.00242058
0.00231406
0.00255761
0.00257153
0.00261597
0.00257091
0.00315843
0.00261289
0.00296456
0.00260146
0.00265792
0.00256528
0.00311539
0.00315894
0.00256648
0.00322843
0.00267944
0.00257250
0.00316734
0.00344267
0.00304282
0.00262774
0.00319042
0.00312804
0.00316682
0.00270569
0.00255851
0.00312367
0.00295041
0.00321062
0.00322083
0.00267974
0.00275263
0.00333287
0.00290823
0.00313691
0.00330149
0.00255766
0.00313099
0.00325301
0.00371302
0.00343982
0.00314792
0.00312661
0.00326737
0.00312544
0.00401702
0.00287108
0.00247553
0.00231484
0.00295703
0.00225648
0.00282306
0.00311900
0.00285800
0.00266701
0.00368522
0.00235432
0.00223984
0.00310440
0.00266188
0.00264635
0.00319727
0.00286877
0.00262745
0.00245345
0.00222813
0.00222398
0.00233629
0.00265687
0.00228303
0.00220328
0.00226153
0.00236745
0.00220208
0.00233565
0.00264565
0.00256945
0.00255962
0.00314415
0.00301962
0.00256609
0.00314523
0.00303346
0.00318961
0.00259214
0.00253074
0.00314471
0.00329918
0.00313086
0.00313881
0.00327567
0.00263413
0.00288125
0.00295919
0.00257230
0.00224584
0.00236894
0.00228776
0.00267495
0.00282113
0.00255293
0.00220829
0.00220714
0.00260196
0.00335633
0.00288157
0.00260613
0.00317172
0.00317823
0.00257613
0.00263466
0.00293081
0.00257605
0.00220781
0.00222028
0.00269661
0.00265247
0.00227408
0.00321114
0.00234127
0.00231428
0.00271904
0.00269185
0.00226619
0.00289537
0.00265432
0.00229366
0.00270651
0.00256150
0.00284075
0.00272088
0.00259216
0.00292250
0.00264519
0.00323979
0.00294566
0.00260913
0.00392982
0.00322944
0.00237306
0.00287254
0.00253351
0.00244756
0.00222762
0.00265309
0.00342167
0.00262469
0.00303679
0.00261362
0.00288718
0.00263042
0.00326564
0.00238797
0.00225128
0.00231989
0.00331363
0.00223995
0.00225685
0.00251354
0.00220618
0.00238156
0.00251637
0.00263133
0.00336829
0.00259397
0.00258775
0.00329309
0.00303912
0.00283401
0.00269177
0.00256481
0.00274318
0.00313405
0.00283211
0.00257254
0.00313610
0.00289599
0.00250543
0.00236262
0.00343793
0.00290505
0.00264177
0.00239783
0.00263576
0.00256454
0.00298388
0.00288994
0.00256774
0.00224841
0.00256927
0.00290044
0.00327082
0.00263692
0.00285833
0.00257842
0.00226081
0.00258703
0.00268614
0.00274265
0.00313940
0.00323310
0.00306666
0.00322167
0.00257423
0.00417874
0.00250465
0.00232742
0.00244430
0.00231267
0.00294450
0.00255951
0.00257759
0.00339187
0.00260112
0.00263818
0.00334342
0.00278402
0.00255747
0.00229027
0.00233963
0.00260005
0.00346014
0.00280161
0.00232290
0.00387158
0.00240941
0.00328945
0.00234008
0.00239234
0.00259843
0.00229976
0.00277787
0.00255882
0.00255970
0.00256176
0.00318534
0.00235571
0.00258968
0.00288900
0.00255178
0.00313326
0.00264439
0.00276394
0.00259002
0.00393820
0.00289835
0.00303763
0.00256607
0.00320871
0.00327996
0.00315917
0.00300457
0.00260412
0.00313744
0.00390373
0.00267044
0.00263924
0.00265678
0.00253576
0.00248268
0.00226827
0.00232686
0.00230766
0.00304004
0.00282995
0.00257487
0.00256738
0.00305442
0.00257537
0.00313170
0.00319059
0.00257834
0.00313331
0.00330973
0.00319653
0.00272483
0.00227067
0.00238850
0.00400256
0.00224441
0.00254311
0.00259143
0.00233778
0.00329985
0.00343182
0.00252336
0.00268834
0.00254184
0.00223898
0.00227900
0.00223819
0.00221067
0.00221275
0.00250353
0.00256056
0.00314426
0.00333206
0.00313446
0.00255919
0.00271419
0.00275192
0.00266826
0.00283623
