0.00164698
0.00121603
0.00120173
0.00117288
0.00086290
0.00088413
0.00090234
0.00074396
0.00074784
0.00090072
0.00097589
0.00086522
0.00092252
0.00079058
0.00090564
0.00073152
0.00067848
0.00091098
0.00099094
0.00084871
0.00075827
0.00093514
0.00074694
0.00088237
0.00082481
0.00071334
0.00072158
0.00090092
0.00090723
0.00084486
0.00089001
0.00090232
0.00084651
0.00089053
0.00090846
0.00084442
0.00087727
0.00095716
0.00086811
0.00079081
0.00073908
0.00076663
0.00073366
0.00073110
0.00084436
0.00090824
0.00084311
0.00084237
0.00085010
0.00085026
0.00071424
0.00090353
0.00084303
0.00084169
0.00083925
0.00084202
0.00093225
0.00089202
0.00084493
0.00085548
0.00089164
0.00089515
0.00090091
0.00085354
0.00085910
0.00086404
0.00084039
0.00083848
0.00089297
0.00083955
0.00084375
0.00090141
0.00087062
0.00084956
0.00084417
0.00086683
0.00084943
0.00084805
0.00089495
0.00080668
0.00121090
0.00110838
0.00090980
0.00094415
0.00090695
0.00121832
0.00089727
0.00112411
0.00090084
0.00112332
0.00108740
0.00112676
0.00090184
0.00110040
0.00116024
0.00113778
0.00128292
0.00111213
0.00093508
0.00097614
0.00144768
0.00110374
0.00119997
0.00140362
0.00091192
0.00114051
0.00092131
0.00077640
0.00062524
0.00066765
0.00064309
0.00062053
0.00064177
0.00063587
0.00066000
0.00095659
0.00072529
0.00092040
0.00000000
0.00000000
0.00000000
0.00000000
0.00176348
0.00173929
0.00169951
0.00150339
0.00145352
0.00141863
0.00149194
0.00155358
0.00143106
0.00142158
0.00140208
0.00142109
0.00147543
0.00141729
0.00140314
0.00141912
0.00146059
0.00145002
0.00177275
0.00143676
0.00147077
0.00141762
0.00143887
0.00115126
0.00116147
0.00117977
0.00145884
0.00140589
0.00113761
0.00111827
0.00113857
0.00102985
0.00099392
0.00112144
0.00116681
0.00111756
0.00098449
0.00098000
0.00113655
0.00112956
0.00118259
0.00097548
0.00098230
0.00114637
0.00115979
0.00113044
0.00114072
0.00112079
0.00107150
0.00144265
0.00138868
0.00139938
0.00138687
0.00142820
0.00140391
0.00128534
0.00120631
0.00120342
0.00147392
0.00111671
0.00260991
0.00228368
0.00144079
0.00181661
0.00122884
0.00000000
0.00000000
0.00000000
0.00000000
0.00118488
0.00186990
0.00122265
0.00153838
0.00121916
0.00203316
0.00128376
0.00150510
0.00125020
0.00126479
0.00118237
0.00115491
0.00133523
0.00132443
0.00134299
0.00131798
0.00134376
0.00142538
0.00138794
0.00169143
0.00157729
0.00173174
0.00130918
0.00142135
0.00133953
0.00161862
0.00132558
0.00141312
0.00175137
0.00168395
0.00163232
0.00169619
0.00163068
0.00176658
0.00164093
0.00169304
0.00170759
0.00163132
0.00167180
0.00163370
0.00163106
0.00163277
0.00171974
0.00163553
0.00163000
0.00169136
0.00163640
0.00157502
0.00163526
0.00169410
0.00155746
0.00132237
0.00132225
0.00134689
0.00134052
0.00137063
0.00131662
0.00132810
0.00132061
0.00160896
0.00132102
0.00131964
0.00131623
0.00131800
0.00149816
0.00134015
0.00134864
0.00123254
0.00169281
0.00166915
0.00151701
0.00158924
0.00132744
0.00143073
0.00116005
0.00114099
0.00113817
0.00113677
0.00118525
0.00114379
0.00115163
0.00116442
0.00133266
0.00135296
0.00136843
0.00132103
0.00133757
0.00132396
0.00141914
0.00132467
0.00165542
0.00131996
0.00131953
0.00141644
0.00131117
0.00114968
0.00114027
0.00113998
0.00113801
0.00113994
0.00115025
0.00132998
0.00132135
0.00135092
0.00117180
0.00113883
0.00113868
0.00123247
0.00142124
0.00128106
0.00164470
0.00132406
0.00137022
0.00130565
0.00142145
0.00132823
0.00135677
0.00114256
0.00133344
0.00131659
0.00133675
0.00164597
0.00141732
0.00166750
0.00179453
0.00153881
0.00131870
0.00163292
0.00133336
0.00162855
0.00141754
0.00169100
0.00173419
0.00163167
0.00136022
0.00137431
0.00133610
0.00155744
0.00138737
0.00133805
0.00132966
0.00137443
0.00168999
0.00165776
0.00137562
0.00141349
0.00137185
0.00174500
0.00163300
0.00142335
0.00131799
0.00131684
0.00137483
0.00113930
0.00120372
0.00116142
0.00132240
0.00133159
0.00131650
0.00114020
0.00116258
0.00123477
0.00132041
0.00131932
0.00132059
0.00167458
0.00131934
0.00131600
0.00131642
0.00125524
0.00118102
0.00113856
0.00138604
0.00137095
0.00211733
0.00274191
0.00331021
0.00224171
0.00170303
0.00175811
0.00205208
0.00135652
0.00131249
0.00163634
0.00131859
0.00132207
0.00138752
0.00170899
0.00163261
0.00138725
0.00132833
0.00138685
0.00122834
0.00117848
0.00119452
0.00115868
0.00114734
0.00131712
0.00135855
0.00141596
0.00132166
0.00123046
0.00132190
0.00136763
0.00137310
0.00131863
0.00131998
0.00136588
0.00131916
0.00136506
0.00168466
0.00163570
0.00162773
0.00162707
0.00164314
0.00165456
0.00164379
0.00161734
0.00144603
0.00131916
0.00131910
0.00143177
0.00159009
0.00175141
0.00139202
0.00144606
0.00135814
0.00122003
0.00113860
0.00113817
0.00114144
0.00136530
0.00131948
0.00133342
0.00113654
0.00131786
0.00132663
0.00140847
0.00132364
0.00132884
0.00118620
0.00112847
0.00131490
0.00134430
0.00132272
0.00126463
0.00114507
0.00132053
0.00131907
0.00139301
0.00131970
0.00163322
0.00133389
0.00131452
0.00131841
0.00156608
0.00165036
0.00133485
0.00132748
0.00129094
0.00128220
0.00113987
0.00114009
0.00138911
0.00123348
0.00225000
0.00133095
0.00140478
0.00135148
0.00167516
0.00131550
0.00131393
0.00130261
0.00113578
0.00113763
0.00131325
0.00113650
0.00151522
0.00133027
0.00134347
0.00132158
0.00113739
0.00115488
0.00112526
0.00113534
0.00254807
0.00115277
0.00130776
0.00131507
0.00132495
0.00132212
0.00118290
0.00117699
0.00116321
0.00159896
0.00136749
0.00132148
0.00132043
0.00132063
0.00133127
0.00131946
0.00136602
0.00131453
0.00161928
0.00144462
0.00115664
0.00115777
0.00134228
0.00131704
0.00152725
0.00136332
0.00132585
0.00153404
0.00136858
0.00142257
0.00131725
0.00125242
0.00115190
0.00132009
0.00169314
0.00167025
0.00155738
0.00132222
0.00132610
0.00169694
0.00000000
0.00000000
0.00000000
0.00000000
0.00192100
0.00251650
0.00277243
0.00219559
0.00273817
0.00247186
0.00227986
0.00217602
0.00189394
0.00247973
0.00252794
0.00285595
0.00272116
0.00277111
0.00219564
0.00279227
0.00271677
0.00219291
0.00332234
0.00269867
0.00276127
0.00291175
0.00269187
0.00219467
0.00227591
0.00192330
0.00188774
0.00000000
0.00000000
0.00000000
0.00000000
0.00075403
0.00107890
0.00069607
0.00086110
0.00079513
0.00098507
0.00099071
0.00096925
0.00080246
0.00085559
0.00099257
0.00105974
0.00088039
0.00081786
0.00080008
0.00089364
0.00078274
0.00104253
0.00089036
0.00079440
0.00099871
0.00080524
0.00079948
0.00098594
0.00098428
0.00098087
0.00100605
0.00122942
0.00100209
0.00103982
0.00103883
0.00100745
0.00098361
0.00098066
0.00097978
0.00098685
0.00098176
0.00097785
0.00100628
0.00097863
0.00097747
0.00098599
0.00098125
0.00098463
0.00098247
0.00098184
0.00098106
0.00079535
0.00079182
0.00103068
0.00099947
