1
127.42,20.11,47.00,37.00
129.85,19.82,47.00,37.00
130.34,19.06,47.00,37.00
133.68,18.97,47.00,37.00
134.27,18.67,47.00,37.00
133.58,18.25,47.00,37.00
133.94,15.68,47.00,37.00
134.45,13.91,47.00,37.00
132.42,13.01,47.00,37.00
135.58,12.88,47.00,37.00
135.56,10.11,47.00,37.00
134.38,12.12,47.00,37.00
137.06,10.31,47.00,37.00
114.12,28.93,47.00,37.00
115.04,30.74,47.00,37.00
117.03,29.36,47.00,37.00
118.12,26.91,47.00,37.00
115.54,25.61,47.00,37.00
130.95,23.80,47.00,37.00
130.29,23.79,47.00,37.00
133.86,22.23,47.00,37.00
132.87,25.97,47.00,37.00
131.05,27.12,47.00,37.00
133.36,25.58,47.00,37.00
133.32,28.55,47.00,37.00
130.94,27.78,47.00,37.00
131.78,28.46,47.00,37.00
131.14,28.39,47.00,37.00
130.99,28.41,47.00,37.00
130.34,27.98,47.00,37.00
127.36,27.89,47.00,37.00
124.08,28.11,47.00,37.00
123.32,28.37,47.00,37.00
123.65,28.16,47.00,37.00
122.62,26.88,47.00,37.00
126.63,26.27,47.00,37.00
122.48,30.69,47.00,37.00
122.06,29.12,47.00,37.00
121.98,31.28,47.00,37.00
123.03,30.42,47.00,37.00
121.05,29.38,47.00,37.00
124.52,30.83,47.00,37.00
124.25,30.66,47.00,37.00
123.94,31.88,47.00,37.00
124.73,32.92,47.00,37.00
2
0
0
0
0
1
105.30,67.63,15.00,29.00
104.97,67.45,15.00,29.00
103.23,67.75,15.00,29.00
101.46,69.88,15.00,29.00
101.64,69.46,15.00,29.00
98.50,69.85,15.00,29.00
99.16,72.46,15.00,29.00
97.69,71.48,15.00,29.00
98.28,70.09,15.00,29.00
98.02,70.65,15.00,29.00
98.74,69.33,15.00,29.00
98.15,71.73,15.00,29.00
97.60,71.24,15.00,29.00
97.17,71.72,15.00,29.00
97.65,72.75,15.00,29.00
96.60,71.70,15.00,29.00
97.38,71.38,15.00,29.00
98.60,71.72,15.00,29.00
98.29,72.57,15.00,29.00
98.72,73.49,15.00,29.00
97.14,72.01,15.00,29.00
99.16,73.81,15.00,29.00
101.43,73.48,15.00,29.00
103.11,71.98,15.00,29.00
106.21,71.87,15.00,29.00
108.25,72.21,15.00,29.00
111.58,71.66,15.00,29.00
113.96,71.43,15.00,29.00
111.81,72.93,15.00,29.00
113.67,71.90,15.00,29.00
116.57,70.29,15.00,29.00
117.95,70.32,15.00,29.00
117.02,70.44,15.00,29.00
115.75,70.57,15.00,29.00
118.53,70.78,15.00,29.00
119.00,70.83,15.00,29.00
115.60,71.85,15.00,29.00
120.24,68.96,15.00,29.00
116.26,69.83,15.00,29.00
117.81,70.11,15.00,29.00
115.42,71.27,15.00,29.00
113.50,70.83,15.00,29.00
110.41,71.38,15.00,29.00
107.12,71.21,15.00,29.00
105.97,71.10,15.00,29.00
103.58,71.26,15.00,29.00
103.41,71.28,15.00,29.00
102.35,71.54,15.00,29.00
101.65,70.47,15.00,29.00
101.26,70.13,15.00,29.00
99.43,69.33,15.00,29.00
98.66,68.47,15.00,29.00
101.64,70.29,15.00,29.00
103.33,71.27,15.00,29.00
2
0
0
0
0
1
132.14,75.87,63.00,37.00
132.40,76.56,63.00,37.00
135.23,77.07,63.00,37.00
134.37,77.31,63.00,37.00
135.36,77.66,63.00,37.00
138.10,78.62,63.00,37.00
139.41,80.57,63.00,37.00
137.96,79.29,63.00,37.00
143.20,80.99,63.00,37.00
142.54,82.15,63.00,37.00
142.73,82.27,63.00,37.00
143.45,82.26,63.00,37.00
144.92,83.59,63.00,37.00
150.53,82.16,63.00,37.00
144.09,83.83,63.00,37.00
154.85,79.62,63.00,37.00
146.48,85.32,63.00,37.00
153.08,81.26,63.00,37.00
151.39,85.12,63.00,37.00
143.18,80.64,63.00,37.00
150.60,81.88,63.00,37.00
148.34,81.64,63.00,37.00
146.13,86.25,63.00,37.00
145.82,78.36,63.00,37.00
143.10,84.72,63.00,37.00
151.88,85.23,63.00,37.00
148.90,81.91,63.00,37.00
2
0
0
0
0
1
223.89,79.72,73.00,33.00
225.21,79.82,73.00,33.00
225.88,79.35,73.00,33.00
229.10,80.30,73.00,33.00
231.35,78.07,73.00,33.00
232.48,78.05,73.00,33.00
233.14,77.21,73.00,33.00
233.58,75.97,73.00,33.00
233.49,75.72,73.00,33.00
233.86,76.51,73.00,33.00
233.88,74.90,73.00,33.00
231.47,75.90,73.00,33.00
235.30,73.28,73.00,33.00
235.07,72.12,73.00,33.00
235.94,72.59,73.00,33.00
236.53,72.95,73.00,33.00
233.23,74.63,73.00,33.00
235.04,71.24,73.00,33.00
235.46,72.23,73.00,33.00
236.56,74.10,73.00,33.00
239.20,72.60,73.00,33.00
238.60,73.07,73.00,33.00
240.46,74.51,73.00,33.00
234.61,73.64,73.00,33.00
237.77,70.80,73.00,33.00
240.39,71.67,73.00,33.00
235.67,73.25,73.00,33.00
231.58,71.07,73.00,33.00
240.39,70.55,73.00,33.00
235.99,66.55,73.00,33.00
231.30,69.10,73.00,33.00
235.31,70.77,73.00,33.00
232.68,70.21,73.00,33.00
228.81,69.43,73.00,33.00
223.62,67.85,73.00,33.00
217.06,69.73,73.00,33.00
230.84,62.46,73.00,33.00
217.72,66.25,73.00,33.00
218.68,61.69,73.00,33.00
217.74,62.01,73.00,33.00
206.68,70.02,73.00,33.00
210.85,67.74,73.00,33.00
214.97,63.71,73.00,33.00
208.54,70.15,73.00,33.00
218.73,62.66,73.00,33.00
203.58,73.59,73.00,33.00
206.25,74.98,73.00,33.00
197.58,76.15,73.00,33.00
200.38,73.53,73.00,33.00
207.70,72.71,73.00,33.00
200.16,75.44,73.00,33.00
211.67,81.03,73.00,33.00
208.14,77.91,73.00,33.00
205.92,78.28,73.00,33.00
2
0
0
0
0
1
111.73,69.44,69.00,41.00
108.39,69.26,69.00,41.00
106.71,67.69,69.00,41.00
106.41,69.53,69.00,41.00
104.37,68.76,69.00,41.00
101.24,67.97,69.00,41.00
100.50,76.57,69.00,41.00
97.53,71.99,69.00,41.00
98.36,72.65,69.00,41.00
99.64,71.32,69.00,41.00
95.67,71.88,69.00,41.00
100.56,70.79,69.00,41.00
89.35,74.47,69.00,41.00
100.79,73.31,69.00,41.00
90.77,67.87,69.00,41.00
102.54,70.62,69.00,41.00
99.63,65.73,69.00,41.00
99.51,72.30,69.00,41.00
95.34,75.70,69.00,41.00
99.25,74.04,69.00,41.00
2
0
0
0
0
1
69.37,97.21,27.00,41.00
69.72,99.87,27.00,41.00
69.24,99.92,27.00,41.00
66.98,102.50,27.00,41.00
67.53,97.87,27.00,41.00
65.61,97.75,27.00,41.00
65.48,97.41,27.00,41.00
64.56,99.45,27.00,41.00
59.57,100.39,27.00,41.00
58.26,101.71,27.00,41.00
57.85,101.63,27.00,41.00
58.53,106.72,27.00,41.00
54.05,107.86,27.00,41.00
53.94,108.96,27.00,41.00
53.61,103.29,27.00,41.00
56.70,107.70,27.00,41.00
55.84,109.78,27.00,41.00
54.70,101.54,27.00,41.00
52.07,109.95,27.00,41.00
52.47,106.14,27.00,41.00
55.39,106.97,27.00,41.00
53.69,103.91,27.00,41.00
54.13,100.75,27.00,41.00
49.31,98.14,27.00,41.00
47.22,97.29,27.00,41.00
48.59,103.69,27.00,41.00
47.92,92.52,27.00,41.00
55.19,108.20,27.00,41.00
42.61,111.12,27.00,41.00
50.13,107.40,27.00,41.00
52.48,103.11,27.00,41.00
60.70,103.92,27.00,41.00
53.56,106.20,27.00,41.00
2
0
0
0
0
1
44.71,112.13,35.00,43.00
44.62,111.76,35.00,43.00
46.18,111.09,35.00,43.00
46.63,110.13,35.00,43.00
49.60,106.86,35.00,43.00
47.53,104.30,35.00,43.00
48.69,105.23,35.00,43.00
52.80,105.58,35.00,43.00
50.61,101.54,35.00,43.00
49.91,99.34,35.00,43.00
50.25,102.21,35.00,43.00
49.63,98.75,35.00,43.00
48.59,99.95,35.00,43.00
51.13,99.17,35.00,43.00
49.70,99.30,35.00,43.00
53.57,98.87,35.00,43.00
53.17,98.78,35.00,43.00
54.90,100.64,35.00,43.00
54.93,98.49,35.00,43.00
55.83,101.69,35.00,43.00
59.50,98.03,35.00,43.00
60.26,103.61,35.00,43.00
65.76,100.81,35.00,43.00
63.66,99.75,35.00,43.00
67.06,108.94,35.00,43.00
61.64,110.17,35.00,43.00
61.92,107.72,35.00,43.00
67.12,107.95,35.00,43.00
70.76,98.62,35.00,43.00
2
0
0
0
0
1
121.91,89.97,81.00,37.00
125.48,90.19,81.00,37.00
129.41,90.42,81.00,37.00
127.08,90.70,81.00,37.00
126.39,90.99,81.00,37.00
128.32,90.48,81.00,37.00
131.64,91.01,81.00,37.00
135.13,92.13,81.00,37.00
135.50,89.67,81.00,37.00
142.72,90.59,81.00,37.00
137.29,90.03,81.00,37.00
142.89,89.82,81.00,37.00
141.92,89.92,81.00,37.00
143.92,89.23,81.00,37.00
137.77,85.27,81.00,37.00
135.73,85.83,81.00,37.00
137.19,83.53,81.00,37.00
129.35,84.43,81.00,37.00
130.08,83.56,81.00,37.00
128.03,82.97,81.00,37.00
125.17,83.94,81.00,37.00
124.88,83.71,81.00,37.00
123.23,83.53,81.00,37.00
122.09,81.32,81.00,37.00
118.03,80.45,81.00,37.00
117.40,78.67,81.00,37.00
115.83,80.03,81.00,37.00
112.42,78.45,81.00,37.00
113.14,78.58,81.00,37.00
110.19,79.61,81.00,37.00
111.12,77.37,81.00,37.00
107.35,77.60,81.00,37.00
106.33,75.60,81.00,37.00
109.09,76.05,81.00,37.00
112.32,74.85,81.00,37.00
118.39,73.07,81.00,37.00
121.30,72.90,81.00,37.00
113.99,71.28,81.00,37.00
113.75,72.38,81.00,37.00
115.43,72.72,81.00,37.00
110.91,76.90,81.00,37.00
108.22,73.42,81.00,37.00
117.54,71.66,81.00,37.00
110.19,70.68,81.00,37.00
112.25,70.65,81.00,37.00
113.14,76.56,81.00,37.00
105.21,74.77,81.00,37.00
109.22,76.36,81.00,37.00
100.50,78.90,81.00,37.00
122.46,86.32,81.00,37.00
105.29,78.27,81.00,37.00
102.31,72.93,81.00,37.00
119.52,84.83,81.00,37.00
101.36,77.68,81.00,37.00
109.45,81.00,81.00,37.00
107.80,79.51,81.00,37.00
107.98,83.10,81.00,37.00
104.24,78.74,81.00,37.00
107.61,85.05,81.00,37.00
108.08,80.11,81.00,37.00
101.63,80.49,81.00,37.00
108.11,84.20,81.00,37.00
107.62,83.15,81.00,37.00
108.60,84.06,81.00,37.00
101.98,80.00,81.00,37.00
103.03,79.42,81.00,37.00
102.69,80.76,81.00,37.00
104.52,83.29,81.00,37.00
103.78,82.15,81.00,37.00
103.97,83.14,81.00,37.00
107.25,85.55,81.00,37.00
101.69,80.13,81.00,37.00
100.61,82.71,81.00,37.00
102.62,79.64,81.00,37.00
102.87,81.31,81.00,37.00
103.80,76.33,81.00,37.00
2
0
0
0
0
1
81.20,76.82,23.00,39.00
80.22,76.43,23.00,39.00
79.58,74.52,23.00,39.00
80.93,73.19,23.00,39.00
81.58,73.77,23.00,39.00
73.55,73.28,23.00,39.00
71.42,74.20,23.00,39.00
68.40,72.89,23.00,39.00
65.88,76.02,23.00,39.00
63.90,76.95,23.00,39.00
63.72,77.08,23.00,39.00
61.89,73.24,23.00,39.00
59.48,72.86,23.00,39.00
60.28,72.20,23.00,39.00
64.74,69.44,23.00,39.00
64.22,68.95,23.00,39.00
68.43,71.69,23.00,39.00
70.45,64.92,23.00,39.00
72.84,68.35,23.00,39.00
76.20,67.14,23.00,39.00
77.92,65.29,23.00,39.00
81.71,64.25,23.00,39.00
84.90,60.63,23.00,39.00
86.31,62.49,23.00,39.00
2
0
0
0
0
1
140.89,43.79,69.00,35.00
141.90,42.11,69.00,35.00
144.88,42.38,69.00,35.00
149.50,40.59,69.00,35.00
150.08,40.80,69.00,35.00
157.07,40.71,69.00,35.00
154.68,40.95,69.00,35.00
148.50,40.60,69.00,35.00
153.57,44.34,69.00,35.00
154.35,44.91,69.00,35.00
152.68,45.80,69.00,35.00
154.56,49.77,69.00,35.00
150.77,48.06,69.00,35.00
153.39,46.19,69.00,35.00
154.93,50.91,69.00,35.00
2
0
0
0
