0.00061282
0.01230735
0.01277527
0.01243010
0.01433418
0.01244837
0.01392286
0.01282742
0.01148484
0.01172458
0.01196305
0.01161732
0.01244625
0.01252771
0.01173255
0.01317647
0.01298296
0.01221323
0.01267616
0.01593834
0.01213724
0.01142738
0.01187005
0.01183546
0.01181924
0.01105719
0.01124747
0.01126534
0.01128787
0.01184885
0.01268735
0.01230234
0.01187404
0.01414434
0.01201594
0.01111783
0.01369870
0.01196135
0.01185504
0.01180939
0.01128605
0.01216608
0.01208698
0.01189977
0.01096345
0.01169264
0.01193052
0.00000000
0.00000000
0.00000000
0.00000000
0.00058332
0.01132123
0.01007594
0.01038890
0.01062430
0.01042619
0.01022803
0.01084759
0.00993653
0.01131967
0.01021881
0.00999457
0.01509093
0.01056123
0.01051110
0.00985215
0.01023101
0.00963519
0.01082632
0.00985944
0.01096823
0.01055915
0.01059946
0.00993207
0.01121200
0.01052472
0.01253279
0.00971933
0.00962164
0.01082454
0.01143528
0.01001293
0.00987108
0.00964873
0.01029388
0.01078964
0.01082476
0.01091330
0.01049752
0.00964497
0.01049809
0.01006278
0.01108298
0.01020440
0.01020756
0.01221280
0.00991180
0.00978305
0.00960504
0.01058926
0.00990474
0.01281970
0.01179776
0.01086474
0.01022116
0.01436153
0.00000000
0.00000000
0.00000000
0.00000000
0.00057614
0.01555320
0.01224045
0.01246881
0.01199630
0.01508999
0.01381357
0.01386525
0.01261680
0.01206814
0.01223688
0.01376046
0.01257520
0.01178955
0.01146993
0.01183769
0.01528088
0.01167135
0.01176252
0.01312848
0.01427574
0.01240444
0.01178628
0.01397937
0.01437512
0.01212450
0.01303101
0.01213515
0.01165473
0.00000000
0.00000000
0.00000000
0.00000000
0.00060889
0.01312286
0.01605183
0.01287174
0.01381574
0.01246703
0.01183442
0.01262480
0.01331875
0.01336819
0.01318566
0.01241233
0.01185259
0.01164336
0.01188525
0.01263297
0.01257245
0.01214186
0.01291586
0.01340958
0.01241677
0.01200506
0.01206367
0.01247068
0.01334441
0.01427159
0.01752112
0.01268514
0.01149869
0.01180424
0.01373908
0.01422979
0.01251246
0.01184816
0.01414354
0.01380138
0.01387185
0.01184472
0.01832238
0.01242309
0.01304327
0.01207008
0.01151449
0.01205513
0.01178550
0.01336230
0.01251417
0.01287984
0.01270590
0.01601633
0.01435615
0.01276044
0.01294816
0.01217083
0.01248843
0.01186384
0.00000000
0.00000000
0.00000000
0.00000000
0.00061607
0.01490538
0.01442435
0.01314591
0.01260081
0.01482677
0.01222825
0.01241547
0.01323646
0.01263220
0.01277061
0.01457436
0.01526197
0.01337764
0.01304458
0.01227520
0.01410899
0.01473957
0.01649595
0.01445099
0.01326660
0.01289143
0.00000000
0.00000000
0.00000000
0.00000000
0.00057646
0.01139109
0.01072973
0.01149196
0.01058256
0.01302354
0.01154719
0.01141108
0.01145500
0.01173339
0.01068974
0.01053996
0.01101625
0.01042525
0.01161821
0.01132266
0.01154215
0.01163822
0.01165577
0.01462849
0.01116045
0.01137835
0.01077832
0.01457989
0.01132257
0.01111359
0.01412687
0.01118816
0.01560285
0.01255296
0.01076997
0.01143108
0.01044626
0.01546300
0.01373039
0.00000000
0.00000000
0.00000000
0.00000000
0.00059033
0.01256667
0.01252279
0.01190176
0.01626563
0.01108532
0.01630394
0.01207880
0.01168975
0.01117204
0.01177983
0.01187386
0.01169406
0.01188959
0.01297618
0.01239593
0.01448577
0.01202857
0.01153786
0.01164189
0.01513920
0.01300630
0.01257718
0.01212207
0.01097900
0.01155578
0.01122061
0.01155879
0.01076199
0.01254050
0.01207380
0.00000000
0.00000000
0.00000000
0.00000000
0.00060935
0.01284779
0.01256548
0.01490416
0.01297704
0.01248269
0.01269382
0.01326114
0.01283239
0.01280495
0.01320933
0.01335674
0.01322398
0.01297970
0.01335059
0.01322690
0.01345731
0.01236641
0.01327610
0.01249197
0.01355187
0.01337036
0.01494306
0.01290155
0.01265595
0.01311089
0.01345301
0.01270417
0.01352659
0.01370098
0.01326201
0.01314822
0.01338432
0.01297090
0.01380494
0.01717665
0.01309689
0.01270585
0.01719722
0.01312385
0.01628382
0.01383371
0.01599762
0.01449999
0.01241863
0.01376686
0.01732344
0.01244826
0.01249661
0.01523299
0.01526633
0.01336104
0.01276101
0.01265958
0.01285948
0.01429392
0.01496599
0.01318941
0.01356764
0.01238847
0.01327182
0.01340188
0.01261582
0.01301532
0.01389141
0.01659501
0.01258858
0.01238295
0.01525048
0.01229646
0.01229598
0.01319093
0.01318298
0.01260346
0.01345319
0.01348945
0.01304697
0.01367450
0.00000000
0.00000000
0.00000000
0.00000000
0.00057852
0.01059039
0.01125079
0.01134523
0.01094187
0.01057966
0.01012316
0.01107605
0.01096426
0.01441849
0.01132640
0.01101944
0.01162127
0.01268771
0.01118557
0.01043648
0.01141363
0.01050074
0.01117270
0.01189817
0.01132249
0.01133975
0.01064013
0.01087765
0.01115458
0.01149237
0.00000000
0.00000000
0.00000000
0.00000000
0.00066258
0.01643871
0.01232954
0.01232254
0.01428214
0.01295431
0.01241914
0.01277687
0.01237952
0.01292170
0.01192784
0.01390628
0.01359397
0.01287430
0.01208264
0.01391369
0.01197121
0.00000000
0.00000000
0.00000000
