1
144.50,63.50,59.00,65.00
144.50,63.50,59.00,65.00
144.50,63.50,59.00,65.00
144.50,63.50,59.00,65.00
143.50,63.50,59.00,65.00
143.50,63.50,59.00,65.00
143.50,62.50,59.00,65.00
143.50,62.50,59.00,65.00
143.50,62.50,59.00,65.00
144.50,62.50,59.00,65.00
145.50,62.50,59.00,65.00
144.50,62.50,59.00,65.00
145.50,62.50,59.00,65.00
145.50,62.50,59.00,65.00
146.50,62.50,59.00,65.00
148.50,62.50,59.00,65.00
150.50,62.50,59.00,65.00
153.50,63.50,59.00,65.00
155.50,64.50,59.00,65.00
154.50,64.50,59.00,65.00
153.50,64.50,59.00,65.00
152.50,64.50,59.00,65.00
151.50,63.50,59.00,65.00
150.50,63.50,59.00,65.00
149.50,63.50,59.00,65.00
148.50,63.50,59.00,65.00
148.50,63.50,59.00,65.00
2
0
0
0
0
1
217.50,88.50,69.00,61.00
216.50,87.50,69.00,61.00
216.50,87.50,69.00,61.00
216.50,87.50,69.00,61.00
216.50,87.50,69.00,61.00
216.50,87.50,69.00,61.00
216.50,87.50,69.00,61.00
216.50,87.50,69.00,61.00
2
0
0
0
0
1
118.50,43.50,49.00,51.00
118.50,43.50,49.00,51.00
117.50,43.50,49.00,51.00
117.50,42.50,49.00,51.00
117.50,42.50,49.00,51.00
117.50,42.50,49.00,51.00
2
0
0
0
0
1
31.50,28.50,81.00,93.00
31.50,28.50,81.00,93.00
31.50,18.50,81.00,93.00
32.50,17.50,81.00,93.00
32.50,17.50,81.00,93.00
33.50,17.50,81.00,93.00
33.50,17.50,81.00,93.00
2
0
0
0
0
1
190.50,64.50,47.00,87.00
212.50,73.50,47.00,87.00
214.50,83.50,47.00,87.00
207.50,71.50,47.00,87.00
205.50,70.50,47.00,87.00
206.50,86.50,47.00,87.00
199.50,74.50,47.00,87.00
200.50,73.50,47.00,87.00
199.50,74.50,47.00,87.00
198.50,75.50,47.00,87.00
196.50,74.50,47.00,87.00
192.50,73.50,47.00,87.00
189.50,73.50,47.00,87.00
190.50,51.50,47.00,87.00
187.50,51.50,47.00,87.00
182.50,51.50,47.00,87.00
179.50,51.50,47.00,87.00
174.50,51.50,47.00,87.00
2
0
0
0
0
1
109.50,28.50,85.00,97.00
109.50,29.50,85.00,97.00
109.50,28.50,85.00,97.00
108.50,28.50,85.00,97.00
108.50,28.50,85.00,97.00
109.50,28.50,85.00,97.00
109.50,28.50,85.00,97.00
2
0
0
0
0
1
208.50,93.50,71.00,69.00
208.50,93.50,71.00,69.00
207.50,93.50,71.00,69.00
207.50,93.50,71.00,69.00
207.50,93.50,71.00,69.00
207.50,93.50,71.00,69.00
207.50,93.50,71.00,69.00
207.50,93.50,71.00,69.00
207.50,92.50,71.00,69.00
207.50,92.50,71.00,69.00
207.50,92.50,71.00,69.00
207.50,92.50,71.00,69.00
207.50,92.50,71.00,69.00
207.50,92.50,71.00,69.00
207.50,92.50,71.00,69.00
207.50,92.50,71.00,69.00
207.50,92.50,71.00,69.00
207.50,92.50,71.00,69.00
2
0
0
0
0
1
102.50,43.50,69.00,81.00
100.50,42.50,69.00,81.00
100.50,42.50,69.00,81.00
100.50,42.50,69.00,81.00
100.50,42.50,69.00,81.00
100.50,42.50,69.00,81.00
100.50,42.50,69.00,81.00
100.50,42.50,69.00,81.00
100.50,42.50,69.00,81.00
100.50,42.50,69.00,81.00
100.50,42.50,69.00,81.00
2
0
0
0
0
1
209.50,107.50,73.00,71.00
208.50,107.50,73.00,71.00
208.50,107.50,73.00,71.00
208.50,107.50,73.00,71.00
208.50,107.50,73.00,71.00
208.50,107.50,73.00,71.00
208.50,107.50,73.00,71.00
208.50,107.50,73.00,71.00
208.50,107.50,73.00,71.00
208.50,107.50,73.00,71.00
208.50,107.50,73.00,71.00
207.50,107.50,73.00,71.00
207.50,107.50,73.00,71.00
206.50,107.50,73.00,71.00
206.50,107.50,73.00,71.00
206.50,107.50,73.00,71.00
2
0
0
0
0
1
182.50,31.50,61.00,63.00
181.50,30.50,61.00,63.00
181.50,30.50,61.00,63.00
181.50,30.50,61.00,63.00
181.50,30.50,61.00,63.00
181.50,30.50,61.00,63.00
181.50,30.50,61.00,63.00
181.50,30.50,61.00,63.00
181.50,30.50,61.00,63.00
181.50,30.50,61.00,63.00
181.50,30.50,61.00,63.00
181.50,30.50,61.00,63.00
181.50,30.50,61.00,63.00
181.50,30.50,61.00,63.00
181.50,30.50,61.00,63.00
181.50,29.50,61.00,63.00
181.50,30.50,61.00,63.00
181.50,30.50,61.00,63.00
181.50,30.50,61.00,63.00
181.50,30.50,61.00,63.00
181.50,30.50,61.00,63.00
181.50,29.50,61.00,63.00
2
0
0
0
0
1
72.50,36.50,47.00,51.00
68.50,36.50,47.00,51.00
70.50,36.50,47.00,51.00
70.50,28.50,47.00,51.00
67.50,29.50,47.00,51.00
70.50,27.50,47.00,51.00
70.50,27.50,47.00,51.00
70.50,27.50,47.00,51.00
2
0
0
0
0
1
94.50,129.50,49.00,61.00
95.50,127.50,49.00,61.00
105.50,108.50,49.00,61.00
108.50,103.50,49.00,61.00
109.50,103.50,49.00,61.00
109.50,103.50,49.00,61.00
110.50,103.50,49.00,61.00
111.50,103.50,49.00,61.00
117.50,81.50,49.00,61.00
118.50,81.50,49.00,61.00
118.50,81.50,49.00,61.00
118.50,81.50,49.00,61.00
118.50,81.50,49.00,61.00
118.50,81.50,49.00,61.00
118.50,81.50,49.00,61.00
118.50,81.50,49.00,61.00
118.50,81.50,49.00,61.00
118.50,81.50,49.00,61.00
118.50,81.50,49.00,61.00
118.50,81.50,49.00,61.00
118.50,81.50,49.00,61.00
119.50,81.50,49.00,61.00
119.50,81.50,49.00,61.00
119.50,81.50,49.00,61.00
118.50,81.50,49.00,61.00
118.50,81.50,49.00,61.00
118.50,81.50,49.00,61.00
118.50,81.50,49.00,61.00
118.50,81.50,49.00,61.00
118.50,81.50,49.00,61.00
118.50,81.50,49.00,61.00
118.50,81.50,49.00,61.00
118.50,81.50,49.00,61.00
118.50,81.50,49.00,61.00
118.50,81.50,49.00,61.00
118.50,81.50,49.00,61.00
118.50,81.50,49.00,61.00
117.50,81.50,49.00,61.00
118.50,81.50,49.00,61.00
119.50,81.50,49.00,61.00
118.50,81.50,49.00,61.00
118.50,81.50,49.00,61.00
118.50,81.50,49.00,61.00
118.50,81.50,49.00,61.00
118.50,81.50,49.00,61.00
118.50,81.50,49.00,61.00
118.50,81.50,49.00,61.00
119.50,81.50,49.00,61.00
119.50,81.50,49.00,61.00
119.50,81.50,49.00,61.00
119.50,81.50,49.00,61.00
119.50,81.50,49.00,61.00
