0.00137747
0.00134959
0.00121721
0.00120044
0.00107468
0.00109581
0.00121918
0.00204657
0.00183633
0.00155316
0.00156314
0.00165536
0.00147664
0.00183509
0.00188299
0.00152835
0.00183889
0.00153407
0.00184032
0.00161499
0.00183760
0.00150576
0.00184131
0.00153147
0.00184214
0.00168078
0.00122995
0.00119476
0.00105155
0.00000000
0.00000000
0.00000000
0.00000000
0.00123836
0.00177176
0.00119512
0.00126977
0.00118388
0.00212803
0.00127449
0.00165481
0.00166486
0.00207225
0.00000000
0.00000000
0.00000000
0.00000000
0.00079718
0.00079867
0.00090402
0.00098976
0.00092216
0.00099076
0.00093906
0.00080064
0.00000000
0.00000000
0.00000000
0.00000000
0.00196506
0.00234968
0.00206252
0.00147242
0.00183621
0.00152957
0.00184374
0.00182071
0.00169194
0.00000000
0.00000000
0.00000000
0.00000000
0.00162180
0.00198387
0.00191714
0.00155967
0.00124958
0.00115851
0.00108895
0.00243821
0.00109349
0.00107471
0.00108514
0.00107613
0.00109955
0.00108300
0.00109432
0.00107805
0.00110469
0.00118917
0.00111216
0.00109515
0.00000000
0.00000000
0.00000000
0.00000000
0.00199997
0.00286218
0.00252142
0.00248100
0.00259581
0.00251390
0.00278668
0.00256047
0.00251182
0.00000000
0.00000000
0.00000000
0.00000000
0.00133242
0.00168329
0.00140022
0.00140703
0.00198061
0.00140205
0.00138026
0.00139284
0.00138093
0.00140893
0.00140591
0.00140991
0.00140804
0.00202136
0.00141848
0.00141450
0.00141084
0.00141789
0.00150443
0.00148138
0.00000000
0.00000000
0.00000000
0.00000000
0.00087425
0.00118654
0.00086705
0.00089634
0.00094306
0.00086653
0.00085353
0.00086394
0.00085440
0.00087688
0.00097061
0.00088626
0.00088558
0.00000000
0.00000000
0.00000000
0.00000000
0.00184731
0.00229942
0.00199829
0.00204906
0.00246337
0.00208629
0.00195821
0.00323219
0.00338296
0.00360743
0.00292327
0.00365780
0.00360539
0.00360130
0.00353550
0.00293880
0.00195553
0.00306842
0.00000000
0.00000000
0.00000000
0.00000000
0.00134056
0.00216057
0.00185632
0.00188015
0.00181648
0.00114087
0.00104061
0.00125967
0.00101148
0.00102955
0.00103360
0.00101172
0.00150407
0.00100373
0.00110640
0.00101605
0.00102218
0.00102349
0.00175800
0.00105071
0.00104478
0.00151827
0.00102481
0.00178749
0.00000000
0.00000000
0.00000000
0.00000000
0.00129117
0.00165479
0.00128284
0.00135946
0.00140835
0.00139076
0.00137512
0.00139652
0.00138686
0.00144808
0.00000000
0.00000000
0.00000000
0.00000000
0.00134393
0.00185207
0.00090508
0.00158812
0.00152193
0.00150176
0.00157668
0.00164221
0.00141352
0.00138100
0.00090429
0.00154696
0.00160899
0.00157366
0.00143242
0.00091567
0.00103554
0.00091416
0.00153932
0.00089770
0.00120415
0.00101013
0.00087653
0.00087505
0.00139582
0.00151312
0.00149032
0.00152411
0.00106428
0.00151686
0.00087177
0.00087264
0.00254035
0.00087123
0.00087531
0.00090147
0.00153379
0.00086551
0.00087541
0.00087684
0.00152595
0.00150481
0.00103374
0.00087417
0.00087832
0.00088027
0.00157100
0.00158964
0.00087380
0.00087054
0.00087500
0.00087292
0.00087406
