0.00879891
0.00995671
0.00686222
0.00781829
0.00801377
0.00801175
0.00800767
0.00814359
0.00823389
0.00684793
0.00802617
0.00824258
0.00811299
0.00816496
0.00859534
0.00766013
0.00820607
0.00626160
0.00638286
0.00616982
0.00611026
0.00619078
0.00647478
0.00612667
0.00621584
0.00705044
0.00628639
0.00637746
0.00653904
0.00670443
0.00620950
0.00623689
0.00625602
0.00719013
0.00664330
0.00641990
0.00634007
0.00627483
0.00623286
0.00651243
0.00988108
0.00985778
0.00997480
0.00944037
0.00695338
0.01113542
0.01101522
0.01136289
0.00746748
0.00707120
0.00638632
0.00738044
0.00725796
0.01138384
0.00650409
0.00740006
0.01118344
0.01067585
0.00778600
0.00773477
0.02921680
0.00843451
0.01363464
0.01349396
0.01060459
0.01098279
0.01889043
0.00674462
0.00968548
0.01182809
0.00647442
0.00679080
0.00672300
0.00918379
0.01228988
0.01433616
0.00652883
0.00757641
0.00775142
0.00625783
0.01139853
0.01151291
0.00649644
0.00621738
0.00625882
0.01586538
0.01532069
0.00677359
0.00703470
0.00641239
0.01173696
0.00908271
0.00708137
0.00818856
0.00807546
0.00847417
0.00814168
0.00921029
0.00855616
0.00957765
0.02156097
0.00637721
0.00810757
0.00813775
0.00814538
0.00815175
0.00795289
0.00832540
0.00814309
0.00820003
0.00823102
0.00809890
0.00816427
0.00815403
0.00816347
0.00810343
0.00815885
0.00810405
0.00809377
0.00832164
0.00816437
0.00815267
0.00810028
0.00817021
0.00810392
0.00849270
0.00815724
0.00789029
0.00711026
0.00806473
0.00737709
0.00805941
0.00761619
0.00823849
0.00817574
0.00809741
0.00808486
0.00804894
0.00814879
0.00821656
0.00803697
0.00804119
0.00782960
0.00821574
0.00806682
0.00812472
0.00808303
0.00818839
0.00812578
0.00807651
0.00817552
0.00814119
0.00796200
0.00824925
0.00805050
0.00823767
0.00812945
0.00814148
0.00807156
0.00804976
0.00782311
0.00814078
0.00806894
0.00802526
0.00803198
0.00804895
0.00802183
0.00810392
0.00820182
0.00809002
0.00805146
0.00804540
0.00808742
0.00804465
0.00816622
0.00812712
0.00855975
0.00803054
0.00812250
0.00826449
0.00814562
0.00807994
0.00807929
0.00809957
0.00809986
0.00788467
0.00816686
0.00806654
0.00804075
0.00806533
0.00815480
0.00834351
0.00823580
0.00811378
0.00811140
0.00807989
0.00815315
0.00825164
0.00815718
0.00807118
0.00801972
0.00857051
0.00804572
0.00849759
0.00805316
0.00802786
0.00804594
0.00805896
0.00877243
0.00000000
0.00000000
0.00000000
0.00000000
0.00274978
0.00435212
0.00314389
0.00368686
0.00370339
0.00362452
0.00371827
0.00363045
0.00369805
0.00368334
0.00361942
0.00370002
0.00361351
0.00380046
0.00361605
0.00363388
0.00362183
0.00364704
0.00367344
0.00364823
0.00366973
0.00369064
0.00361183
0.00381230
0.00333249
0.00348810
0.00356209
0.00374142
0.00361441
0.00361778
0.00365099
0.00363442
0.00364224
0.00380160
0.00368704
0.00363295
0.00361746
0.00367245
0.00368330
0.00366872
0.00362980
0.00364656
0.00364314
0.00366633
0.00373515
0.00367824
0.00363377
0.00366780
0.00364115
0.00365016
0.00365522
0.00363788
0.00300890
0.00368165
0.00400852
0.00369992
0.00369879
0.00369165
0.00371104
0.00372024
0.00368544
0.00364782
0.00398837
0.00374615
0.00380479
0.00380372
0.00384410
0.00376938
0.00374347
0.00370791
0.00371767
0.00368796
0.00367268
0.00372378
0.00369877
0.00371587
0.00366280
0.00000000
0.00000000
