0.00063044
0.01282472
0.01068475
0.01624260
0.01893268
0.01132824
0.01110262
0.01079180
0.01427378
0.01651209
0.01029353
0.01083283
0.00979277
0.01013551
0.01050115
0.01004430
0.01084280
0.01068334
0.01197219
0.01025772
0.01017659
0.01566862
0.01124793
0.01107006
0.01050230
0.01014239
0.01035266
0.01365850
0.01161075
0.01071220
0.01028181
0.01045416
0.01060415
0.00995516
0.01084944
0.01182907
0.01049081
0.01082466
0.01085739
0.01075332
0.01065111
0.01127226
0.01236978
0.01036041
0.01292310
0.01139495
0.01059674
0.01278495
0.01452112
0.01090143
0.01237574
0.01015674
0.01015761
0.01122138
0.01312851
0.01073302
0.01000051
0.01171206
0.01273690
0.01280467
0.01173773
0.01162168
0.01234135
0.01149571
0.01117313
0.01080320
0.01030963
0.01070873
0.01073436
0.01011071
0.00991805
0.01023574
0.01092286
0.01020526
0.01032744
0.01110624
0.01094729
0.01005463
0.01068167
0.01070012
0.01002913
0.01043987
0.01263182
0.01202936
0.01283329
0.01164402
0.01017033
0.01085449
0.01135798
0.01840920
0.01005285
0.01899135
0.01275602
0.01177444
0.01036165
0.01043010
0.00986386
0.01378813
0.01508074
0.01222373
0.00000000
0.00000000
0.00000000
0.00000000
0.00077757
0.01428612
0.01171862
0.01012431
0.01213134
0.01052510
0.01023812
0.01181164
0.01161902
0.01154814
0.01110046
0.01082829
0.01128824
0.01141000
0.01047342
0.01173593
0.01224043
0.01008538
0.01047045
0.01095290
0.01021956
0.01249538
0.00992858
0.01062708
0.01433562
0.01092122
0.01213366
0.01137251
0.01021879
0.01135923
0.01095588
0.01110964
0.01087325
0.01754726
0.01224345
0.00000000
0.00000000
0.00000000
0.00000000
0.00073986
0.01227300
0.01119003
0.01143804
0.01184834
0.01021692
0.00994660
0.01383388
0.01082260
0.01073956
0.00985753
0.01159436
0.01036604
0.01365711
0.01133835
0.01075388
0.01015778
0.02146457
0.01381770
0.01354550
0.01498955
0.01170854
0.01060597
0.01105258
0.01015842
0.01312753
0.01124230
0.01029450
0.00979869
0.01144824
0.01126368
0.01423664
0.01271950
0.01210704
0.01092356
0.01062450
0.01196373
0.00000000
0.00000000
0.00000000
0.00000000
0.00067021
0.01109538
0.01289225
0.01150506
0.01386275
0.01093195
0.01020502
0.01142489
0.01127803
0.01150405
0.01152587
0.01150235
0.01085964
0.00979080
0.01073834
0.01310688
0.01297403
0.01313064
0.01081107
0.01033502
0.01013839
0.01001695
0.01011867
0.01036768
0.01018548
0.01044943
0.01003944
0.01388302
0.01135771
0.01063716
0.01041762
0.01056734
0.01051790
0.01337999
0.01088596
0.01337767
0.01233102
0.01348038
0.01269338
0.01135311
0.01442070
0.01256427
0.01307592
0.01092508
0.01264291
0.01456894
0.01452695
0.01698933
0.01268347
0.01258619
0.01182832
0.01177098
0.01203284
0.01119420
0.01383804
0.01295848
0.01144969
0.01156072
0.01129886
0.01152869
0.01275821
0.01544357
0.01334094
0.01400922
0.01289409
0.01158089
0.01267220
0.01154542
0.01138386
0.01249458
0.01194025
0.01128899
0.01528976
0.01176291
0.01123444
0.01358677
0.01442912
0.01319333
0.01363966
0.01046777
0.01163758
0.01349061
0.01325147
0.01116659
0.01272847
0.01633800
0.01228869
0.01449330
0.01430067
0.01056295
0.01182435
0.01062024
0.01232355
0.01314058
0.01208537
0.01120395
0.01048050
0.01295549
