0.00058283
0.01423856
0.01391250
0.01597510
0.01540793
0.01481862
0.01266534
0.01282785
0.01555573
0.01573329
0.01531180
0.01586484
0.01250695
0.01565107
0.01132466
0.01637191
0.01187626
0.01590154
0.01584252
0.01566614
0.01595940
0.01515260
0.01810223
0.01567915
0.01427839
0.01587915
0.01188555
0.01498224
0.01266876
0.01590894
0.01542937
0.01262822
0.01169998
0.01175143
0.01164573
0.01199519
0.01573542
0.01180182
0.01170786
0.01226277
0.01571973
0.01242510
0.01499999
0.01639906
0.00000000
0.00000000
0.00000000
0.00000000
0.00077314
0.01325973
0.01168354
0.01173806
0.01132452
0.01572018
0.01513481
0.01482154
0.01595013
0.01167540
0.01563371
0.01199238
0.01495398
0.01476769
0.01483125
0.01248542
0.01247362
0.01543962
0.01129236
0.01136311
0.01536443
0.01224304
0.01207617
0.01331597
0.01241204
0.01483271
0.01176595
0.01482838
0.01488321
0.01575258
0.01509332
0.01153810
0.01193044
0.01182684
0.01153727
0.01159385
0.01232781
0.01216621
0.01332018
0.01167124
0.01248369
0.01578277
0.01474893
0.01261315
0.01162557
0.01219629
0.02043685
0.01430524
0.01660023
0.01517263
0.01544622
0.01508879
0.01645542
0.01605325
0.01489790
0.01149906
0.01197100
0.01584607
0.01491311
0.01464918
0.01308916
0.01542596
0.01224017
0.01142186
0.01176404
0.01154166
0.01563781
0.01536886
0.01540909
0.01121179
0.01151513
0.01222107
0.01188047
0.01150018
0.01233391
0.01267952
0.01533821
0.01240235
0.01153264
0.01547821
0.01522245
0.01227368
0.01553313
0.01433786
0.01448677
0.01528879
0.01379269
0.01566338
0.01568438
0.01687680
0.01337237
0.01582258
0.01207731
0.01227525
0.01610191
0.01641330
0.01160716
0.01606135
0.01613470
0.01585124
0.01573039
0.01188244
0.01509900
0.01541703
0.01296182
0.01202575
0.01235968
0.01234262
0.01128646
0.01151881
0.01139253
0.01210455
0.01379553
0.01218258
0.01505200
0.01309317
0.00000000
0.00000000
0.00000000
0.00000000
0.00075149
0.01721575
0.01662290
0.01954859
0.01722209
0.01642287
0.01728621
0.01757064
0.01871158
0.01643916
0.01724624
0.01634600
0.01698959
0.01634134
0.01691792
0.01678420
0.01659936
0.01719613
0.01634275
0.01690078
0.01750078
0.01756109
0.01713870
0.01655018
0.01691762
0.01667639
0.01868714
0.01648716
0.01738324
0.01759712
0.01691271
0.01719918
0.01660844
0.01924007
0.01706516
0.01717878
0.01649860
0.02094525
0.01755510
0.01749774
0.01663224
0.01662494
0.01671176
0.01673526
0.01685714
0.01700324
0.01764949
0.01764857
0.01673979
0.01762662
0.01677530
0.01673915
0.01669551
0.01907994
0.01680029
0.01708353
0.01697468
0.01691037
0.01711267
0.01658346
0.01646892
0.01750628
0.01651708
0.02002897
0.01646530
0.01653943
0.01729809
0.01642116
0.02049199
0.01700473
0.01761865
0.02087456
0.01761905
0.01676734
0.01676129
0.01809949
0.01666221
0.01778535
0.01711052
0.01766668
0.00000000
0.00000000
0.00000000
0.00000000
