0.00095048
0.01798390
0.01571003
0.01659733
0.01833105
0.01861393
0.01740027
0.01889880
0.01725116
0.01885219
0.01791480
0.01879468
0.01862233
0.01854216
0.01779165
0.01753799
0.01887767
0.01859957
0.01812155
0.01667727
0.01815450
0.02268845
0.01898593
0.01870842
0.01751402
0.01835571
0.01929030
0.01917943
0.01752760
0.01895920
0.01881250
0.01895787
0.01855567
0.01887723
0.01902343
0.01903134
0.01877485
0.01896186
0.02267279
0.02486979
0.01719151
0.01909449
0.01928264
0.01702504
0.01562333
0.02155858
0.01885806
0.01731085
0.01885199
0.01966412
0.01746087
0.01884558
0.01879638
0.01768419
0.01815008
0.01877453
0.01861321
0.01896476
0.01881313
0.02064570
0.01810282
0.01691604
0.01950046
0.01822584
0.01884783
0.01874611
0.01900757
0.01890031
0.01902129
0.01674037
0.01931088
0.01882692
0.01774487
0.01691247
0.01889906
0.02091293
0.01869513
0.01855212
0.02276021
0.01960276
0.01857445
0.01860469
0.01926869
0.01679194
0.01778122
0.01906656
0.01932836
0.01891036
0.01885090
0.01817116
0.01861050
0.01735933
0.01936013
0.01862066
0.01858546
0.02295083
0.01961641
0.01832556
0.01892018
0.01758671
0.01917366
0.01933105
0.01884911
0.01893690
0.01783447
0.01900249
0.01897777
0.01900228
0.01739639
0.01930022
0.01889483
0.01887336
0.01959744
0.01738836
0.02209026
0.00000000
0.00000000
0.00000000
0.00000000
0.00108843
0.02307296
0.02242934
0.02314259
0.02255505
0.02316113
0.02236455
0.02276735
0.02172460
0.02263431
0.02231169
0.02199607
0.02227671
0.02288714
0.02156636
0.02206747
0.02267801
0.02354193
0.02070502
0.02045748
0.02308856
0.02182089
0.02084665
0.02267898
0.02259103
0.02306873
0.02185836
0.02158977
0.02382245
0.02186961
0.02178765
0.02268426
0.02240355
0.02135639
0.02658767
0.02286549
0.02505807
0.02298831
0.02375194
0.02331933
0.02232902
0.02302376
0.02309272
0.02422277
0.02199568
0.02192761
0.02304827
0.02307332
0.02502362
0.01937684
0.02533029
0.02083503
0.02245046
0.02210023
0.02323373
0.02310784
0.02191012
0.02309906
0.02346550
0.02270366
0.02277199
0.02279464
0.02280058
0.02288966
0.02449553
0.02173170
0.01913807
0.02347506
0.02602341
0.02433472
0.02504070
0.02126575
0.02291216
0.02529544
0.02341721
0.02302736
0.02275888
0.02509345
0.02255783
0.02236978
0.02162451
0.02302999
0.01974168
0.02165548
0.01925424
0.01920492
0.02033812
0.02031142
0.01949585
0.02036957
0.02111726
0.02184755
0.01966490
0.01987604
0.02058237
0.02183079
0.01966845
0.01983932
0.02136397
0.01970666
0.01989124
0.02002369
0.01934422
0.02154634
0.02422021
0.02309366
0.02392492
0.01939208
0.02118867
0.02316754
0.02331161
0.01932458
0.02038450
0.02366106
0.02882173
0.02566793
0.02206152
0.02067401
0.01968313
0.02036869
0.02162574
0.02379314
0.02084707
0.02148315
0.02305826
0.02349865
0.02614511
0.02226437
0.01953039
0.02073428
0.02360233
0.01999747
0.02473235
0.02358678
0.02462475
0.02508124
0.02178325
0.02358909
0.02939991
0.02398020
0.02307756
0.02904320
0.02197827
0.02290053
0.02158766
0.02008109
0.02290237
0.02570052
0.02351413
0.02531867
0.02048877
0.02011734
0.02401718
0.02194939
0.02046739
0.02397155
0.02220827
0.02099319
0.02059348
0.02422755
0.01967986
0.02329338
0.02346049
0.02383607
0.01909645
0.01897033
0.02550923
0.02575207
0.02461027
0.02340403
0.02375616
0.02603208
0.02442641
0.01908169
0.02236106
0.02498320
0.02662787
0.02596619
0.01933385
0.02011426
0.02632517
0.02425616
0.02314884
0.02350121
0.02421512
0.02308821
0.02263189
0.02255326
0.02149980
0.02259738
0.02270968
0.02819366
0.02232410
0.02431439
0.02191225
0.02254216
0.02299031
0.02391493
0.02057093
0.02344383
0.02463535
0.02219627
0.02847467
0.02219005
0.02172356
0.02188264
0.02952641
0.02086896
0.02318104
0.02120869
0.02343143
0.02300629
0.02425820
0.02239120
0.02459787
0.02312706
0.02650439
0.02164117
0.02336435
0.02302946
0.02340680
0.02333418
0.02438751
0.02210542
0.02314846
0.02475488
0.02302972
0.02404019
0.02570764
0.02351694
0.02491235
0.02450511
0.02745337
0.02381935
0.02453377
0.02456296
0.02472488
0.00000000
0.00000000
0.00000000
0.00000000
0.00124363
0.02316364
0.02847679
0.02349993
0.02377973
0.02255785
0.02261579
0.02372959
0.02386281
0.02388822
0.02414518
0.02861827
0.02635568
0.02380465
0.02472960
0.02409544
0.02660451
0.02237949
0.02825579
0.02564734
0.00000000
0.00000000
0.00000000
0.00000000
0.00107863
0.02679283
0.02571175
0.02601258
0.02522532
0.02574513
0.02588386
0.02374447
0.02366842
0.02274749
0.02304228
0.02466895
0.02901660
0.02409595
0.02785898
0.02411086
