0.00315694
0.00376778
0.00292022
0.00286216
0.00331568
0.00293910
0.00281777
0.00280963
0.00279104
0.00278932
0.00281050
0.00280853
0.00309998
0.00299771
0.00000000
0.00000000
0.00000000
0.00000000
0.00207728
0.00282960
0.00160568
0.00160287
0.00161006
0.00159091
0.00162289
0.00157762
0.00161273
0.00161592
0.00000000
0.00000000
0.00000000
0.00000000
0.00093624
0.00136810
0.00120522
0.00087506
0.00102935
0.00087435
0.00087273
0.00089294
0.00088846
0.00088993
0.00088229
0.00088275
0.00087803
0.00093490
0.00087939
0.00088170
0.00097954
0.00134974
0.00109824
0.00091172
0.00088781
0.00097892
0.00139868
0.00092047
0.00086053
0.00088146
0.00086094
0.00089338
0.00130993
0.00085328
0.00086093
0.00133789
0.00132258
0.00125822
0.00133006
0.00085553
0.00130900
0.00130069
0.00128173
0.00089078
0.00132157
0.00134839
0.00581226
0.00130841
0.00134690
0.00134765
0.00130163
0.00129443
0.00134406
0.00086117
0.00085932
0.00130999
0.00086285
0.00115764
0.00086790
0.00162212
0.00128266
0.00086749
0.00086314
0.00085255
0.00135055
0.00087251
0.00232496
0.00130322
0.00164286
0.00331984
0.00131495
0.00087568
0.00132200
0.00129772
0.00137122
0.00100311
0.00259386
0.00131468
0.00088063
0.00084870
0.00099458
0.00000000
0.00000000
0.00000000
0.00000000
0.00200152
0.00145708
0.00162701
0.00142121
0.00143797
0.00143738
0.00159874
0.00141790
0.00247791
0.00183133
0.00118087
0.00164813
0.00177801
0.00165962
0.00129789
0.00179256
0.00152263
0.00199825
0.00151486
0.00143761
0.00143487
0.00142657
0.00143974
0.00000000
0.00000000
0.00000000
0.00000000
0.00149905
0.00212317
0.00145785
0.00130345
0.00182893
0.00148453
0.00150801
0.00148190
0.00145890
0.00147660
0.00147368
0.00183314
0.00147408
0.00150182
0.00152146
0.00150596
0.00150158
0.00145816
0.00147908
0.00159194
0.00148225
0.00122806
0.00177603
0.00148216
0.00152514
0.00150059
0.00153791
0.00150435
0.00151092
0.00146162
0.00148612
0.00168981
0.00150889
0.00149309
0.00154010
0.00119837
0.00163943
0.00166140
0.00146902
0.00000000
0.00000000
0.00000000
0.00000000
0.00125657
0.00138575
0.00095932
0.00125115
0.00112944
0.00112731
0.00113260
0.00110030
0.00110421
0.00110459
0.00113249
0.00121217
0.00113136
0.00112774
0.00113125
0.00110183
0.00110885
0.00113410
0.00111307
0.00114358
0.00120361
0.00087123
0.00101989
0.00090489
0.00091424
0.00139608
0.00110955
0.00118714
0.00114341
0.00114113
0.00114269
0.00112351
0.00117159
0.00112858
0.00114646
0.00110724
0.00115789
0.00138876
0.00110750
0.00128696
0.00097934
0.00087704
0.00088308
0.00085872
0.00084827
0.00089092
0.00083712
0.00086539
0.00085512
0.00113218
0.00119345
0.00124942
0.00111305
0.00134392
0.00113142
0.00120690
0.00114058
0.00118495
0.00117536
0.00116090
0.00000000
0.00000000
0.00000000
0.00000000
0.00129700
0.00115192
0.00117935
0.00112185
0.00177944
0.00177994
0.00098686
0.00115522
0.00197307
0.00112454
0.00114465
0.00113541
0.00115170
0.00109256
0.00210386
0.00131232
0.00134163
0.00091872
0.00131763
0.00122227
0.00160205
0.00115748
0.00140549
0.00116316
0.00130599
0.00115211
0.00119649
0.00112637
0.00103432
0.00107176
0.00087483
0.00098080
0.00086795
0.00090956
0.00083573
0.00091013
0.00107838
0.00091059
0.00123909
0.00095085
0.00132274
0.00082600
0.00091901
0.00083184
0.00087474
0.00109316
0.00083931
0.00093066
0.00113535
0.00086303
0.00095141
0.00107004
0.00107117
0.00085356
0.00112413
0.00106594
0.00092966
0.00082369
0.00091199
0.00090192
0.00100131
0.00084057
0.00094274
0.00089875
0.00089711
0.00085092
0.00083444
0.00081640
0.00083748
0.00107504
0.00082623
0.00082970
0.00083086
0.00099732
0.00086418
0.00083114
0.00105082
0.00085183
0.00083457
0.00082803
0.00089704
0.00093499
0.00085288
0.00099556
0.00089931
0.00091187
0.00084092
0.00121018
0.00099779
0.00102547
0.00087238
0.00106234
0.00111962
0.00089767
0.00104862
0.00088275
0.00084151
0.00140833
0.00273135
0.00204482
0.00084925
0.00085022
0.00889073
