1
318.50,153.50,59.00,83.00
316.50,153.50,59.00,83.00
313.50,152.50,59.00,83.00
308.50,152.50,59.00,83.00
302.50,146.50,59.00,83.00
293.50,151.50,59.00,83.00
291.50,151.50,59.00,83.00
284.50,151.50,59.00,83.00
277.50,150.50,59.00,83.00
271.50,149.50,59.00,83.00
269.50,148.50,59.00,83.00
263.50,147.50,59.00,83.00
2
0
0
0
0
1
314.50,152.50,57.00,83.00
294.50,145.50,57.00,83.00
295.50,146.50,57.00,83.00
289.50,144.50,57.00,83.00
283.50,141.50,57.00,83.00
277.50,139.50,57.00,83.00
271.50,137.50,57.00,83.00
265.50,134.50,57.00,83.00
2
0
0
0
0
1
318.50,147.50,55.00,85.00
319.50,147.50,55.00,85.00
319.50,147.50,55.00,85.00
319.50,147.50,55.00,85.00
317.50,149.50,55.00,85.00
329.50,181.50,55.00,85.00
331.50,184.50,55.00,85.00
325.50,181.50,55.00,85.00
318.50,179.50,55.00,85.00
319.50,180.50,55.00,85.00
312.50,178.50,55.00,85.00
322.50,182.50,55.00,85.00
320.50,181.50,55.00,85.00
314.50,181.50,55.00,85.00
315.50,181.50,55.00,85.00
308.50,179.50,55.00,85.00
301.50,177.50,55.00,85.00
301.50,176.50,55.00,85.00
303.50,177.50,55.00,85.00
307.50,178.50,55.00,85.00
305.50,178.50,55.00,85.00
298.50,176.50,55.00,85.00
298.50,176.50,55.00,85.00
299.50,176.50,55.00,85.00
299.50,176.50,55.00,85.00
298.50,175.50,55.00,85.00
294.50,174.50,55.00,85.00
293.50,173.50,55.00,85.00
292.50,173.50,55.00,85.00
292.50,174.50,55.00,85.00
292.50,174.50,55.00,85.00
291.50,174.50,55.00,85.00
290.50,174.50,55.00,85.00
289.50,174.50,55.00,85.00
288.50,175.50,55.00,85.00
287.50,175.50,55.00,85.00
286.50,175.50,55.00,85.00
280.50,174.50,55.00,85.00
280.50,175.50,55.00,85.00
281.50,175.50,55.00,85.00
281.50,175.50,55.00,85.00
281.50,175.50,55.00,85.00
284.50,176.50,55.00,85.00
285.50,176.50,55.00,85.00
285.50,176.50,55.00,85.00
285.50,176.50,55.00,85.00
284.50,176.50,55.00,85.00
282.50,175.50,55.00,85.00
281.50,176.50,55.00,85.00
281.50,176.50,55.00,85.00
281.50,176.50,55.00,85.00
281.50,176.50,55.00,85.00
281.50,176.50,55.00,85.00
282.50,177.50,55.00,85.00
281.50,177.50,55.00,85.00
282.50,177.50,55.00,85.00
281.50,177.50,55.00,85.00
281.50,177.50,55.00,85.00
282.50,177.50,55.00,85.00
283.50,177.50,55.00,85.00
283.50,176.50,55.00,85.00
284.50,176.50,55.00,85.00
283.50,175.50,55.00,85.00
283.50,175.50,55.00,85.00
283.50,175.50,55.00,85.00
284.50,175.50,55.00,85.00
284.50,175.50,55.00,85.00
284.50,175.50,55.00,85.00
284.50,175.50,55.00,85.00
285.50,175.50,55.00,85.00
285.50,175.50,55.00,85.00
286.50,175.50,55.00,85.00
286.50,175.50,55.00,85.00
287.50,176.50,55.00,85.00
287.50,176.50,55.00,85.00
2
0
0
0
0
1
348.50,142.50,41.00,99.00
348.50,136.50,41.00,99.00
348.50,151.50,41.00,99.00
347.50,148.50,41.00,99.00
347.50,143.50,41.00,99.00
346.50,143.50,41.00,99.00
346.50,142.50,41.00,99.00
345.50,140.50,41.00,99.00
345.50,141.50,41.00,99.00
342.50,139.50,41.00,99.00
341.50,140.50,41.00,99.00
339.50,141.50,41.00,99.00
339.50,141.50,41.00,99.00
339.50,141.50,41.00,99.00
339.50,141.50,41.00,99.00
339.50,141.50,41.00,99.00
338.50,141.50,41.00,99.00
339.50,143.50,41.00,99.00
339.50,142.50,41.00,99.00
339.50,142.50,41.00,99.00
344.50,143.50,41.00,99.00
2
0
0
0
0
1
384.50,155.50,41.00,105.00
385.50,155.50,41.00,105.00
387.50,155.50,41.00,105.00
386.50,194.50,41.00,105.00
403.50,191.50,41.00,105.00
402.50,180.50,41.00,105.00
400.50,179.50,41.00,105.00
401.50,178.50,41.00,105.00
403.50,157.50,41.00,105.00
403.50,156.50,41.00,105.00
404.50,156.50,41.00,105.00
403.50,156.50,41.00,105.00
404.50,156.50,41.00,105.00
403.50,154.50,41.00,105.00
407.50,164.50,41.00,105.00
407.50,162.50,41.00,105.00
407.50,163.50,41.00,105.00
408.50,155.50,41.00,105.00
409.50,156.50,41.00,105.00
407.50,156.50,41.00,105.00
407.50,155.50,41.00,105.00
407.50,155.50,41.00,105.00
408.50,157.50,41.00,105.00
411.50,158.50,41.00,105.00
413.50,158.50,41.00,105.00
422.50,167.50,41.00,105.00
425.50,167.50,41.00,105.00
427.50,166.50,41.00,105.00
426.50,173.50,41.00,105.00
427.50,171.50,41.00,105.00
426.50,152.50,41.00,105.00
423.50,150.50,41.00,105.00
422.50,152.50,41.00,105.00
424.50,150.50,41.00,105.00
423.50,148.50,41.00,105.00
423.50,149.50,41.00,105.00
423.50,146.50,41.00,105.00
2
0
0
0
0
1
463.50,151.50,39.00,105.00
464.50,154.50,39.00,105.00
464.50,155.50,39.00,105.00
469.50,137.50,39.00,105.00
471.50,137.50,39.00,105.00
470.50,137.50,39.00,105.00
470.50,138.50,39.00,105.00
468.50,140.50,39.00,105.00
458.50,158.50,39.00,105.00
457.50,158.50,39.00,105.00
454.50,157.50,39.00,105.00
451.50,159.50,39.00,105.00
450.50,159.50,39.00,105.00
449.50,159.50,39.00,105.00
448.50,158.50,39.00,105.00
450.50,157.50,39.00,105.00
450.50,155.50,39.00,105.00
449.50,155.50,39.00,105.00
449.50,155.50,39.00,105.00
449.50,154.50,39.00,105.00
452.50,152.50,39.00,105.00
452.50,151.50,39.00,105.00
451.50,149.50,39.00,105.00
450.50,148.50,39.00,105.00
449.50,147.50,39.00,105.00
447.50,146.50,39.00,105.00
445.50,154.50,39.00,105.00
444.50,154.50,39.00,105.00
443.50,146.50,39.00,105.00
443.50,147.50,39.00,105.00
442.50,147.50,39.00,105.00
442.50,146.50,39.00,105.00
445.50,144.50,39.00,105.00
445.50,143.50,39.00,105.00
445.50,144.50,39.00,105.00
444.50,144.50,39.00,105.00
445.50,144.50,39.00,105.00
445.50,141.50,39.00,105.00
445.50,141.50,39.00,105.00
446.50,141.50,39.00,105.00
447.50,142.50,39.00,105.00
446.50,142.50,39.00,105.00
446.50,140.50,39.00,105.00
446.50,139.50,39.00,105.00
446.50,140.50,39.00,105.00
447.50,139.50,39.00,105.00
449.50,137.50,39.00,105.00
450.50,136.50,39.00,105.00
451.50,136.50,39.00,105.00
451.50,134.50,39.00,105.00
459.50,134.50,39.00,105.00
463.50,133.50,39.00,105.00
468.50,132.50,39.00,105.00
468.50,124.50,39.00,105.00
473.50,123.50,39.00,105.00
473.50,119.50,39.00,105.00
472.50,111.50,39.00,105.00
473.50,117.50,39.00,105.00
2
0
0
0
0
1
528.50,116.50,39.00,91.00
528.50,116.50,39.00,91.00
527.50,116.50,39.00,91.00
528.50,113.50,39.00,91.00
527.50,112.50,39.00,91.00
525.50,111.50,39.00,91.00
523.50,111.50,39.00,91.00
520.50,112.50,39.00,91.00
518.50,114.50,39.00,91.00
516.50,113.50,39.00,91.00
515.50,112.50,39.00,91.00
512.50,111.50,39.00,91.00
510.50,111.50,39.00,91.00
508.50,113.50,39.00,91.00
505.50,111.50,39.00,91.00
503.50,109.50,39.00,91.00
502.50,108.50,39.00,91.00
500.50,106.50,39.00,91.00
496.50,104.50,39.00,91.00
494.50,105.50,39.00,91.00
493.50,104.50,39.00,91.00
492.50,102.50,39.00,91.00
490.50,99.50,39.00,91.00
487.50,96.50,39.00,91.00
486.50,95.50,39.00,91.00
483.50,93.50,39.00,91.00
481.50,92.50,39.00,91.00
480.50,90.50,39.00,91.00
480.50,86.50,39.00,91.00
480.50,84.50,39.00,91.00
480.50,83.50,39.00,91.00
480.50,83.50,39.00,91.00
480.50,84.50,39.00,91.00
480.50,83.50,39.00,91.00
481.50,81.50,39.00,91.00
481.50,79.50,39.00,91.00
481.50,79.50,39.00,91.00
483.50,80.50,39.00,91.00
484.50,80.50,39.00,91.00
484.50,79.50,39.00,91.00
485.50,77.50,39.00,91.00
486.50,74.50,39.00,91.00
487.50,73.50,39.00,91.00
487.50,73.50,39.00,91.00
487.50,75.50,39.00,91.00
486.50,76.50,39.00,91.00
486.50,76.50,39.00,91.00
485.50,76.50,39.00,91.00
483.50,76.50,39.00,91.00
481.50,77.50,39.00,91.00
479.50,78.50,39.00,91.00
476.50,79.50,39.00,91.00
472.50,78.50,39.00,91.00
467.50,77.50,39.00,91.00
463.50,77.50,39.00,91.00
459.50,77.50,39.00,91.00
455.50,78.50,39.00,91.00
453.50,81.50,39.00,91.00
448.50,83.50,39.00,91.00
444.50,83.50,39.00,91.00
439.50,83.50,39.00,91.00
436.50,84.50,39.00,91.00
435.50,84.50,39.00,91.00
433.50,86.50,39.00,91.00
430.50,87.50,39.00,91.00
429.50,86.50,39.00,91.00
428.50,86.50,39.00,91.00
427.50,85.50,39.00,91.00
425.50,85.50,39.00,91.00
425.50,86.50,39.00,91.00
425.50,87.50,39.00,91.00
425.50,88.50,39.00,91.00
425.50,87.50,39.00,91.00
425.50,87.50,39.00,91.00
425.50,87.50,39.00,91.00
424.50,88.50,39.00,91.00
423.50,89.50,39.00,91.00
423.50,86.50,39.00,91.00
422.50,85.50,39.00,91.00
421.50,84.50,39.00,91.00
419.50,84.50,39.00,91.00
417.50,85.50,39.00,91.00
415.50,86.50,39.00,91.00
410.50,84.50,39.00,91.00
408.50,83.50,39.00,91.00
408.50,83.50,39.00,91.00
405.50,85.50,39.00,91.00
404.50,85.50,39.00,91.00
403.50,84.50,39.00,91.00
401.50,83.50,39.00,91.00
397.50,83.50,39.00,91.00
396.50,84.50,39.00,91.00
392.50,85.50,39.00,91.00
390.50,84.50,39.00,91.00
388.50,83.50,39.00,91.00
385.50,82.50,39.00,91.00
381.50,83.50,39.00,91.00
376.50,83.50,39.00,91.00
373.50,82.50,39.00,91.00
369.50,80.50,39.00,91.00
369.50,80.50,39.00,91.00
369.50,80.50,39.00,91.00
