0.00352876
0.00558623
0.00354495
0.00395961
0.00416786
0.00380621
0.00556491
0.00447300
0.00380771
0.00386605
0.01082017
0.00429760
0.00512221
0.00471461
0.00493632
0.00380368
0.00246389
0.00341417
0.00226754
0.00272031
0.00202261
0.00217997
0.00364629
0.00348854
0.00373195
0.00391081
0.00370652
0.00387541
0.00834771
0.00363976
0.00365674
0.00471401
0.00346381
0.00381950
0.00232777
0.00207753
0.00220259
0.00374620
0.00363323
0.00376655
0.00368695
0.00421226
0.00258583
0.00213922
0.00201205
0.00213731
0.00242559
0.00252660
0.00345391
0.00368751
0.00340753
0.00215371
0.00211633
0.00213837
0.00212846
0.00216799
0.00197020
0.00213990
0.00328900
0.00305770
0.00365024
0.00365585
0.01357634
0.00215217
0.00211615
0.00199127
0.00307784
0.00359802
0.00275684
0.00360799
0.00262113
0.00299717
0.00213893
0.00238260
0.00198817
0.00231222
0.00227987
0.00251536
0.00323164
0.00256670
0.00336168
0.00299383
0.00213614
0.00291854
0.00234395
0.00225904
0.00200045
0.00210791
0.00217575
0.00350683
0.00352942
0.00371934
0.00360431
0.00229380
0.00227935
0.00200414
0.00212654
0.00355937
0.00200595
0.00231070
0.00244941
0.00213847
0.00214960
0.00304448
0.00264882
0.00216817
0.00217921
0.00202551
0.00230817
0.00227230
0.00337553
0.00302665
0.00253947
0.00995742
0.00361429
0.00865484
0.00205514
0.00365678
0.00359130
0.00345421
0.00352250
0.00217944
0.00355744
0.00421530
0.00370016
0.00351433
0.00356563
0.00356240
0.00202702
0.00342656
0.00378462
0.00272556
0.00267591
0.00219516
0.00209189
0.00221729
0.00246119
0.00219128
0.00251050
0.00214886
0.00199107
0.00217955
0.00215395
0.00200417
0.00378995
0.00287928
0.00345455
0.00370108
0.00392571
0.00360274
0.00387791
0.00396900
0.00373627
0.00376831
0.00376017
0.00222500
0.00386756
0.00233620
0.00364238
0.00383097
0.00285578
0.00342075
0.00319916
0.00378401
0.00358558
0.00376038
0.00384507
0.00375783
0.00368028
0.00397586
0.00850688
0.00221139
0.00374289
0.00372535
0.00381851
0.00385216
0.00295530
0.00255598
0.00381663
0.00360254
0.00383126
0.00381227
0.00203615
0.00381642
0.00378803
0.00362357
0.00342827
0.00218902
0.00354979
0.00381250
0.00378464
0.00349430
0.00942105
0.00218665
0.00363254
0.00396017
0.00378473
0.00366899
0.00389065
0.00224910
0.00203620
0.00268321
0.00230913
0.00272079
0.00373276
0.00373854
0.00361703
0.00218696
0.00290027
0.00207089
0.00474341
0.00335008
0.00366989
0.00288267
0.00219223
0.00207028
0.00265641
0.00221757
0.00229699
0.00373571
0.00249981
0.00204004
0.00223205
0.00220874
0.00202265
0.00290651
0.00300667
0.00205980
0.00218407
0.00221847
0.00203702
0.00318094
0.00218420
0.00205132
0.00224465
0.00422342
0.00232216
0.00361019
0.00683014
0.00207257
0.00309237
0.00219431
0.00220980
0.00351577
0.00293258
0.00202727
0.00213739
0.00216894
0.00217527
0.00286879
0.00889534
0.00200646
0.00328573
0.00289275
0.00331855
0.00429235
0.00376817
0.00324765
0.00357149
0.00395376
0.00463684
0.00255204
0.00354157
0.00277745
0.00248240
0.00243870
0.00346599
0.00373842
0.00246948
0.00197767
0.00438336
0.00259838
0.00339647
0.00321788
0.00302065
0.00282570
0.00348856
0.00298186
0.00442660
0.00359134
0.00297341
0.00335069
0.00347397
0.00405968
0.00317707
0.00330796
0.00240829
0.00221759
0.00274418
0.00279405
0.00228655
0.00261487
0.00234372
0.00258581
0.00215878
0.00255940
0.00206213
0.00239341
0.00232465
0.00233133
0.00260538
0.00250776
0.00233587
0.00228922
0.00238377
0.00202930
0.00237813
0.00295191
0.00239960
0.00234793
0.00217093
0.00228762
0.00246540
0.00237483
0.00225123
0.00235555
0.00214563
0.00239935
0.00224860
0.00238325
0.00211959
0.00216582
0.00253170
0.00221258
0.00223463
0.00259399
0.00229639
0.00224795
0.00231578
0.00214165
0.00231597
0.00251915
0.00233707
0.00265989
0.00280387
0.00292649
0.00304253
0.00268652
0.00281033
0.00272255
0.00233491
0.00202804
0.00286929
0.00284185
0.00275715
0.00306797
0.00246053
0.00248020
0.00227819
0.00256021
0.00236828
0.00229654
0.00252423
0.00255290
0.00269580
0.00366017
0.00305420
0.00295434
0.00254282
0.00212168
0.00260672
0.00284586
0.00218514
0.00258952
0.00232450
0.00248408
0.00286570
0.00221335
0.00216974
0.00217700
0.00257047
0.00234792
0.00233048
0.00244070
0.00225359
0.00248823
0.00249832
0.00207560
0.00224980
0.00220200
0.00237383
0.00249463
0.00236847
0.00218426
0.00245875
0.00294119
0.00236909
0.00226057
0.00229001
0.00249309
0.00254688
0.00249593
0.00274496
0.00276847
0.00249179
0.00241861
0.00258050
0.00241092
0.00202507
0.00252546
0.00235712
0.00227798
0.00221186
0.00218508
0.00210303
0.00221951
0.00263537
0.00221498
0.00291457
0.00366740
0.00219482
0.00232314
0.00240786
0.00217296
0.00220097
0.00239657
0.00215897
0.00240576
0.00245369
0.00204875
0.00239673
0.00225262
0.00240234
0.00280013
0.00232793
0.00242782
0.00247307
0.00235862
0.00234369
0.00268373
0.00224851
0.00232951
0.00240568
0.00221615
0.00225140
0.00238876
0.00266681
0.00266019
0.00216139
0.00225601
0.00232890
0.00261483
0.00260085
0.00252498
0.00294039
0.00236150
0.00217085
0.00219975
0.00261082
0.00234990
0.00241809
0.00230154
0.00220442
0.00239878
0.00246913
0.00331710
0.00358858
0.00347175
0.00330369
0.00356036
0.00368759
0.00328220
0.00346083
0.00350823
0.00345716
0.00354174
0.00346233
0.00336516
0.00366819
0.00353998
0.00349255
0.00347086
0.00345558
0.00324643
0.00366215
0.00364792
0.00312925
0.00354565
0.00345304
0.00356451
0.00347213
0.00356600
0.00351211
0.00365242
0.00336904
0.00325166
0.00380081
0.00406501
0.00259319
0.00364807
0.00261089
0.00294106
0.00338308
0.00248046
0.00253794
0.00245742
0.00325870
0.00209611
0.00290045
0.00238392
0.00233369
0.00254069
0.00257858
0.00213760
0.00330869
0.00283005
0.00255662
0.00226784
0.00239464
0.00203038
0.00245626
0.00234702
0.00208693
0.00326003
0.00308800
0.00345987
0.00238959
0.00216088
0.00200073
0.00211796
0.00244232
0.00227884
0.00242975
0.00368006
0.00302643
0.00356949
0.00301026
0.00340516
0.00271803
0.00383457
0.00221758
0.00218146
0.00210395
0.00228142
0.00245095
0.00243053
0.00228226
0.00299382
0.00245362
0.00249795
0.00259610
0.00281700
0.00207141
0.00211946
0.00246021
0.00227714
0.00244512
0.00248826
0.00228406
0.00290123
0.00257913
0.00299063
0.00258556
0.00219414
0.00228021
0.00242495
0.00242741
0.00227922
0.00243843
0.00242769
0.00343430
0.00305770
0.00248062
0.00214027
0.00210979
0.00211877
0.00195530
0.00212491
0.00210956
0.00251409
0.00314132
0.00388166
0.00250948
0.00238090
0.00229003
0.00198235
0.00211156
0.00245090
0.00267375
0.00244203
0.00242472
0.00249483
0.00264560
0.00213567
0.00226368
0.00242977
0.00360096
0.00326426
0.00353488
0.00390830
0.00333134
0.00314164
0.00299400
0.00521284
0.00228654
0.00436072
0.00328640
0.00343120
0.00313521
0.00329929
0.00346664
0.00397746
0.00329873
0.00344684
0.00359535
0.00327015
0.00351983
0.00363073
0.00200452
0.00356972
0.00359621
0.00274193
0.00215875
0.00212159
0.00196944
0.00389856
0.00367896
0.00214131
0.00213875
0.00211305
0.00198502
0.00226545
0.00230932
0.00253470
0.00214337
0.00211159
0.00323173
0.00347501
0.00339662
0.00285039
0.00341958
0.00297503
0.00319739
0.00344463
0.00302477
0.00320627
0.00304405
0.00341136
0.00279976
0.00338285
0.00302553
0.00323552
0.00299460
0.00341265
0.00338782
0.00297940
0.00247180
0.00227114
0.00341489
0.00299055
0.00326380
0.00296256
0.00332415
0.00325067
0.00298853
0.00341879
0.00319790
0.00305371
0.00340712
0.00227096
0.00343670
0.00299356
0.00322397
0.00295937
0.00342411
0.00279552
0.00343169
0.00375922
0.00312778
0.00209684
0.00343678
0.00324190
0.00483818
0.00249776
0.00325723
0.00299614
0.00340024
0.00503461
0.00253473
0.00243283
0.00323739
0.00329855
0.00393579
0.00423740
0.00365085
0.00347652
0.00280737
0.00542007
0.00313234
0.00282546
0.00349226
0.00344754
0.00281289
0.00342270
0.00341751
0.00324253
0.00298775
0.00341506
0.00327561
0.00296379
0.00344741
0.00296435
0.00283564
0.00335020
0.00328671
0.00342975
0.00298076
0.00319028
0.00300187
0.00342249
0.00280601
0.00310022
0.00343375
0.00279798
0.00336319
0.00296420
0.00322923
0.00298501
0.00337052
0.00284886
0.00322465
0.00299010
0.00322017
0.00338011
0.00329297
0.00322790
0.00298657
0.00340563
0.00331978
0.00321024
0.00341041
0.00279951
0.00245751
0.00243377
0.00322770
0.00300443
0.00340311
0.00282364
0.00327209
0.00299455
0.00311467
0.00299868
0.00320019
0.00279463
0.00339285
0.00361171
0.00236123
0.00334878
0.00343280
0.00324645
0.00299423
0.00348836
0.00281190
0.00333037
0.00343366
0.00309246
0.00292712
0.00321468
0.00285112
0.00301320
0.00300097
0.00289998
0.00246863
0.00245302
0.00216335
0.00339792
0.00341379
0.00279276
0.00279533
0.00242457
