0.00400901
0.00540073
0.00439558
0.00467392
0.00466430
0.00465198
0.00456813
0.00576417
0.00490636
0.00556287
0.00457021
0.00462530
0.00602769
0.00553331
0.00519915
0.00463974
0.00512668
0.00460580
0.00541134
0.00523094
0.00466039
0.00465559
0.00461259
0.00463932
0.00594702
0.00534313
0.00629443
0.00530629
0.00533061
0.00464538
0.00530843
0.00544256
0.00455759
0.00478838
0.00567819
0.00472063
0.00466773
0.00607164
0.00527763
0.00461098
0.00000000
0.00000000
0.00000000
0.00000000
0.00156741
0.00185141
0.00219511
0.00180912
0.00223422
0.00210807
0.00201349
0.00247113
0.00206784
0.00199911
0.00000000
0.00000000
0.00000000
0.00000000
0.00164510
0.00317445
0.00178030
0.00186586
0.00188317
0.00183429
0.00177187
0.00174449
0.00179977
0.00189555
0.00182229
0.00183039
0.00325079
0.00186830
0.00188824
0.00184541
0.00188495
0.00182811
0.00187442
0.00188834
0.00187725
0.00182866
0.00185035
0.00190556
0.00183765
0.00189763
0.00203521
0.00186975
0.00186789
0.00186434
0.00188238
0.00191871
0.00195038
0.00346320
0.00195927
0.00189766
0.00207972
0.00190247
0.00245480
0.00230888
0.00184973
0.00188769
0.00193943
0.00187847
0.00195792
0.00188398
0.00251948
0.00184190
0.00186621
0.00187000
0.00195957
0.00186035
0.00222670
0.00334023
0.00187088
0.00247570
0.00182334
0.00195958
0.00189903
0.00191373
0.00203566
0.00192581
0.00190814
0.00191802
0.00189149
0.00190907
0.00201429
0.00202567
0.00191366
0.00185894
0.00186875
0.00185390
0.00541763
0.00324217
0.00252704
0.00214462
0.00296048
0.00286835
0.00191262
0.00182170
0.00442440
0.00194837
0.00230483
0.00190042
0.00526580
0.00197465
0.01371293
0.00379639
0.01173374
0.00256982
0.00279541
0.01062747
0.00296011
0.00188624
0.00292551
0.00674053
0.00204832
0.00194246
0.00185561
0.00227681
0.00202554
0.00204311
0.00403633
0.01010449
0.00373287
0.00204523
0.00332150
0.00193492
0.00182941
0.00182132
0.00213317
0.00245055
0.00195208
0.00197941
0.00255554
0.00242641
0.00186298
0.00182254
0.00540344
0.00519685
0.00335060
0.00386580
0.00254870
0.00189969
0.00425023
0.00247085
0.00251500
0.00288904
0.00296107
0.00297611
0.00834673
0.00339885
0.00304944
0.00216104
0.00188956
0.00191473
0.00202416
0.00791405
0.00990713
0.00302860
0.02021720
0.00370116
0.00206648
