0.00116216
0.02201198
0.02058708
0.02072229
0.02143147
0.02314482
0.02344912
0.02321485
0.01847768
0.01849419
0.02291782
0.02796052
0.02463340
0.02316428
0.02286850
0.02337200
0.02267226
0.02308457
0.02140374
0.02254471
0.02266210
0.02374919
0.02286124
0.02351113
0.02214950
0.02242523
0.02658803
0.02280822
0.02242663
0.02218136
0.01947583
0.02404057
0.02291186
0.02338266
0.01896765
0.02153662
0.02120941
0.01912186
0.02274346
0.02210071
0.02240267
0.02180404
0.02301326
0.02263082
0.02318934
0.02694318
0.02240455
0.02509590
0.01949173
0.02337296
0.02229813
0.02115947
0.02257644
0.02191979
0.02272919
0.02281417
0.02281987
0.02255879
0.02243247
0.02258678
0.02044971
0.02267092
0.02284502
0.02297564
0.02439545
0.02089773
0.02185077
0.02325244
0.02285412
0.01945389
0.02306199
0.02275512
0.02053337
0.02012593
0.02307283
0.01913832
0.02289104
0.02262904
0.02131597
0.01921237
0.02386255
0.02182920
0.02158828
0.02680242
0.02266914
0.02459602
0.02367216
0.02290938
0.02530554
0.02506793
0.02307517
0.02340095
0.02329096
0.02293333
0.02266398
0.02310663
0.02082045
0.02267104
0.02224622
0.02213859
0.02273557
0.02632777
0.02239244
0.02112723
0.02233334
0.02207195
0.02222997
0.02311913
0.02291215
0.02251652
0.01875883
0.02341877
0.01884753
0.01979202
0.01822858
0.01912735
0.02255744
0.02231077
0.02333806
0.02307878
0.02674413
0.01820869
0.01845482
0.01929445
0.01813876
0.01805696
0.02266679
0.02155673
0.01871270
0.02202409
0.02047096
0.02191769
0.02215165
0.01855479
0.01898628
0.02229805
0.02185713
0.02297971
0.02214345
0.01900321
0.02065608
0.02246171
0.02456602
0.01830737
0.02132433
0.01990938
0.01794907
0.01806026
0.01782720
0.01899857
0.01881430
0.01888934
0.02174072
0.02233536
0.01837416
0.01870443
0.01801195
0.01914041
0.02143045
0.01766042
0.01775130
0.01763304
0.01778865
0.02066593
0.02226425
0.01877266
0.01860677
0.02297875
0.01864601
0.01856757
0.02254889
0.02177281
0.01799201
0.01866296
0.02304140
0.01850644
0.01955574
0.01768851
0.01779394
0.01780469
0.01823223
0.02176153
0.01771780
0.02194055
0.01779958
0.02282228
0.02304466
0.02275345
0.02164336
0.02221248
0.02180852
0.02146098
0.02275779
0.02218697
0.02223252
0.02226300
0.02284415
0.02094003
0.02109768
0.02106337
0.01795941
0.02157024
0.01845003
0.01857062
0.02149223
0.01919933
0.02140877
0.02192467
0.02284822
0.01846024
0.02594988
0.01999783
0.01905772
0.02422443
0.02203764
0.01838858
0.01784454
0.01772385
0.01741463
0.02194674
0.02210062
0.02025093
0.02075426
0.02214798
0.02234304
0.02218189
0.02313059
0.02196213
0.02232081
0.02234613
0.02661300
0.01941555
0.01858467
0.01781500
0.01777862
0.01775586
0.02190213
0.02219633
0.02221858
0.02219302
0.01859666
0.02224705
0.02182149
0.02249394
0.02262713
0.01833532
0.01856931
0.01841498
0.01937051
0.01869251
0.01892140
0.01808827
0.02648865
0.02185102
0.02249022
0.02218275
0.01817189
0.02147522
0.02162854
0.01911988
0.02130315
0.01837649
0.01915925
0.02023856
0.02273588
0.02087768
0.02133980
0.01735832
0.01744092
0.01802531
0.01874588
0.02201788
0.02023969
0.01793126
0.01839467
0.02214545
0.01827804
0.02175380
0.02175281
0.02201044
0.02186456
0.01833285
0.02199143
0.02241720
0.01852562
0.02218799
0.02235923
0.02233940
0.01804697
0.02154337
0.02162236
0.01776759
0.02392513
0.02365912
0.02121552
0.02207607
0.02206442
0.01978975
0.01922643
0.02336278
0.01942746
0.01902942
0.02248782
0.02217585
0.01850751
0.02062618
0.02261013
0.01859682
0.01923674
0.02062587
0.02236195
0.02131891
0.01903388
0.02223011
0.01877547
0.00000000
0.00000000
0.00000000
0.00000000
0.00120901
0.02194825
0.02198254
0.02616610
0.02612136
0.02389211
0.02433815
0.02580811
0.02602734
0.02181756
0.02528362
0.02636464
0.02572224
0.02662137
0.02182428
0.02375968
0.02624338
0.02254789
0.02170843
0.02814400
0.02335712
0.02611398
0.02670874
0.02593755
0.02551893
0.02558472
0.02183173
0.02137085
0.02535294
0.02599068
0.02477611
0.02640309
0.03054772
0.02574247
0.02293715
0.02287078
0.02253036
0.02635044
0.02655670
0.02647474
0.02681672
0.02585790
0.02502891
0.02580929
0.02700093
0.02605707
0.03037532
0.02163249
0.02378074
0.02262040
0.02754346
0.02251638
0.02576009
0.02214676
0.02634676
0.02600550
0.02577845
0.02215820
0.02647096
0.02596362
0.02480031
0.02629060
0.02554825
0.02355786
0.03028075
0.02200606
0.02731195
0.02662726
0.02577389
0.02211289
0.02629290
0.02264712
0.02575648
0.02580254
0.02595469
0.02191820
0.02685288
0.02276859
0.02689554
0.02589519
0.02452620
0.02418554
0.02256784
0.02167147
0.02435581
0.02196536
0.02600183
0.00000000
0.00000000
0.00000000
0.00000000
0.00083678
0.02044331
0.01862397
0.02062323
0.01985215
0.01602398
0.02037944
0.01647510
0.02037233
0.01860909
0.02460780
0.01576602
0.02179993
0.01641743
0.02114974
0.01995739
0.01711437
0.01581476
0.02012946
0.02050294
0.01851311
0.01640119
0.01962980
0.01962749
0.02099775
0.02019914
0.01919225
0.02099324
0.01866926
0.01910087
0.01722711
0.02101465
0.01843523
0.02058449
0.02095054
0.02040044
0.01577531
0.02489798
0.01645069
0.02020693
0.01700150
0.02089287
0.02008343
0.01665767
0.02061930
0.01953056
0.02026992
0.01987593
0.01988860
0.01663656
0.01854296
0.02090920
0.02006274
0.02013890
0.01611303
0.01993219
0.01923470
0.02029662
0.02201808
0.02023067
0.01902791
0.02044913
0.02074323
0.01999085
0.01791342
0.02085352
0.02051423
0.02069027
0.02002575
0.01593419
0.02054822
0.01906044
0.01694970
0.01900485
0.01940733
0.01689154
0.02020726
0.01681433
0.02339815
0.02080367
0.02052117
0.01648437
0.02079462
0.01858888
0.01949749
0.01915234
0.01641752
0.02061066
0.02043141
0.01993736
0.01840026
0.02014705
0.02016730
0.01953681
0.01674967
0.01969455
0.01687287
0.01776026
0.02049776
0.02184816
0.02125128
0.01811885
0.01735037
0.01778798
0.01701728
0.01620021
0.01664676
0.01673169
0.01624473
0.01770589
0.02237463
0.01795411
0.01880099
0.01770785
0.02009201
0.01678833
0.02144352
0.02078558
0.02143221
0.01995929
0.02016369
0.02315577
0.02104239
0.01999909
0.01660990
0.02037863
0.01574974
0.02029961
0.02094290
0.01994017
0.01669989
0.02165410
0.01996980
0.01968250
0.02040398
0.01994684
0.01653549
0.02080874
0.01861681
0.02416135
0.02050614
0.02024207
0.02493786
0.01939523
0.02089534
0.01688473
0.01673997
0.01573383
0.01614072
0.01728563
0.01862916
0.02001633
0.01809165
0.01938735
0.02086561
0.01877753
0.02031449
0.02135421
0.02099473
0.01781798
0.01965247
0.02023071
0.02035134
0.02479101
0.01924020
0.01983763
0.01682822
0.02074789
0.01686278
0.01969349
0.02036204
0.01778413
0.01642658
0.02311993
0.02325474
0.01886616
0.01791915
0.01648305
0.01661337
0.01687843
0.01705152
0.01585599
0.01722963
0.01786790
0.01994495
0.01554491
0.01809924
0.02043390
0.02149045
0.01884466
0.01592134
0.02081381
0.01973384
0.02115558
0.02009391
0.02037322
0.01661443
0.02214123
0.01733896
0.02054762
0.02043869
0.01693053
0.01849017
0.02016690
0.01940435
0.02065288
0.01709821
0.01911303
0.02029851
0.02048117
0.01978241
0.02920778
0.01942927
0.02613501
0.01590984
0.02091034
0.02062146
0.02126798
0.02031979
0.01786323
0.02028254
0.02024302
0.01972205
0.01692587
0.02071639
0.02224229
0.01951089
0.01670965
0.01679078
0.01652629
0.01721878
0.02073602
0.01879225
0.02028047
0.01910897
0.01792922
0.01757672
0.01711815
0.01878734
0.02031778
0.02038245
0.02139491
0.02045349
0.02001973
0.02045631
0.02122389
0.01927734
0.01809049
0.01612481
0.02055721
0.01757962
0.02001285
0.02079106
0.02001248
0.02126781
0.02017106
0.02016141
0.02019601
0.01729801
0.02009451
0.01617548
0.01576114
0.02052523
0.02132209
0.01946381
0.01941157
0.01974946
0.02607076
0.01942324
0.02134350
0.02037138
0.01748172
0.01768533
0.02020867
0.01656724
0.02103122
0.02071373
0.01739306
0.02030300
0.02024078
0.02108263
0.01895448
0.02007891
0.01943177
0.01639744
0.01616627
0.01556231
0.01713641
0.01704728
0.01690247
0.01596242
0.01784587
0.01554909
0.01563312
0.01716202
0.01686948
0.01795772
0.01613477
0.01588947
0.01583882
0.01824201
0.01575541
0.01685743
0.01648511
0.01563302
0.01571497
0.01605552
0.01833401
0.01675898
0.01691580
0.01553200
0.01639965
0.01647475
0.01594983
0.01636156
0.01691240
0.01710921
0.01624103
0.01687405
0.01599786
0.02129740
0.01572953
0.01582931
0.01671777
0.01690020
0.01641669
0.01599271
0.01922012
0.01615538
0.01582283
0.01671086
0.01750125
0.01793945
0.02000316
0.01777722
0.01753694
0.01668029
0.01590866
0.01631210
0.01716983
0.01703420
0.01580689
0.01667645
0.01579632
0.01654115
0.01595313
0.02082488
0.01661123
0.01566727
0.01581139
0.01635720
0.01630179
0.01643015
0.01673275
0.01667138
0.01613021
0.01631650
0.01653241
0.01660041
0.01714741
