1
152.20,55.31,83.00,97.00
151.39,55.07,83.00,97.00
151.56,55.85,83.00,97.00
150.51,56.06,83.00,97.00
151.97,55.73,83.00,97.00
150.58,55.67,83.00,97.00
151.43,55.84,83.00,97.00
150.44,54.90,83.00,97.00
151.33,56.63,83.00,97.00
151.15,54.72,83.00,97.00
149.60,56.91,83.00,97.00
150.57,54.98,83.00,97.00
150.92,56.43,83.00,97.00
150.79,56.47,83.00,97.00
151.07,55.70,83.00,97.00
151.41,55.50,83.00,97.00
151.53,56.08,83.00,97.00
150.34,55.27,83.00,97.00
150.23,55.16,83.00,97.00
150.67,55.53,83.00,97.00
151.74,54.59,83.00,97.00
152.63,54.87,83.00,97.00
151.12,55.98,83.00,97.00
150.97,55.57,83.00,97.00
151.98,54.75,83.00,97.00
150.68,56.14,83.00,97.00
151.19,54.17,83.00,97.00
150.80,54.26,83.00,97.00
151.79,55.19,83.00,97.00
152.02,53.94,83.00,97.00
152.38,56.92,83.00,97.00
151.07,55.56,83.00,97.00
153.61,56.78,83.00,97.00
157.08,55.55,83.00,97.00
157.60,56.58,83.00,97.00
155.41,55.19,83.00,97.00
155.46,55.12,83.00,97.00
156.53,55.15,83.00,97.00
154.38,55.45,83.00,97.00
153.99,55.74,83.00,97.00
151.24,55.34,83.00,97.00
151.11,54.78,83.00,97.00
148.81,55.47,83.00,97.00
150.53,54.75,83.00,97.00
146.78,55.85,83.00,97.00
149.68,54.38,83.00,97.00
149.92,55.03,83.00,97.00
149.94,55.24,83.00,97.00
144.77,56.22,83.00,97.00
149.91,55.37,83.00,97.00
150.40,55.53,83.00,97.00
147.61,54.42,83.00,97.00
150.23,53.87,83.00,97.00
149.45,54.92,83.00,97.00
150.21,55.79,83.00,97.00
150.68,55.61,83.00,97.00
149.53,55.47,83.00,97.00
148.78,56.99,83.00,97.00
153.39,55.65,83.00,97.00
152.93,54.14,83.00,97.00
151.95,54.56,83.00,97.00
148.42,55.54,83.00,97.00
153.33,53.14,83.00,97.00
153.55,55.33,83.00,97.00
156.34,54.93,83.00,97.00
151.46,55.21,83.00,97.00
151.09,53.19,83.00,97.00
147.72,53.77,83.00,97.00
146.05,54.90,83.00,97.00
141.63,54.52,83.00,97.00
143.22,49.63,83.00,97.00
141.44,47.51,83.00,97.00
138.31,52.55,83.00,97.00
144.58,53.55,83.00,97.00
147.25,57.00,83.00,97.00
146.21,54.61,83.00,97.00
143.41,54.51,83.00,97.00
143.52,52.58,83.00,97.00
150.68,56.81,83.00,97.00
150.25,55.56,83.00,97.00
148.41,51.90,83.00,97.00
150.29,53.23,83.00,97.00
136.60,51.92,83.00,97.00
156.53,54.19,83.00,97.00
152.76,54.18,83.00,97.00
151.23,52.33,83.00,97.00
160.87,39.03,83.00,97.00
152.95,52.20,83.00,97.00
141.59,53.29,83.00,97.00
144.53,47.28,83.00,97.00
142.18,37.55,83.00,97.00
139.19,49.88,83.00,97.00
134.01,51.76,83.00,97.00
136.01,53.89,83.00,97.00
135.96,50.66,83.00,97.00
135.05,49.04,83.00,97.00
136.01,53.20,83.00,97.00
145.89,41.52,83.00,97.00
151.54,40.34,83.00,97.00
140.54,47.37,83.00,97.00
140.15,49.76,83.00,97.00
142.87,50.32,83.00,97.00
143.59,47.70,83.00,97.00
142.82,50.08,83.00,97.00
149.97,50.23,83.00,97.00
148.30,49.46,83.00,97.00
142.59,51.68,83.00,97.00
145.38,42.72,83.00,97.00
143.60,41.83,83.00,97.00
141.73,48.90,83.00,97.00
150.83,46.29,83.00,97.00
146.75,38.80,83.00,97.00
153.19,38.25,83.00,97.00
123.46,46.60,83.00,97.00
155.04,42.45,83.00,97.00
129.64,47.93,83.00,97.00
151.33,32.77,83.00,97.00
137.26,44.89,83.00,97.00
151.54,34.48,83.00,97.00
151.89,42.47,83.00,97.00
157.02,39.13,83.00,97.00
141.46,46.81,83.00,97.00
168.19,41.72,83.00,97.00
162.45,44.12,83.00,97.00
169.87,58.51,83.00,97.00
163.85,45.79,83.00,97.00
154.04,39.40,83.00,97.00
177.67,50.75,83.00,97.00
155.76,34.88,83.00,97.00
166.22,38.16,83.00,97.00
175.89,56.06,83.00,97.00
157.02,42.09,83.00,97.00
153.28,43.24,83.00,97.00
165.12,39.82,83.00,97.00
157.75,38.59,83.00,97.00
166.02,44.88,83.00,97.00
152.56,32.96,83.00,97.00
143.39,36.51,83.00,97.00
151.80,38.08,83.00,97.00
175.79,39.30,83.00,97.00
166.50,47.87,83.00,97.00
172.58,43.60,83.00,97.00
169.22,45.74,83.00,97.00
174.72,65.96,83.00,97.00
167.01,54.87,83.00,97.00
164.66,61.41,83.00,97.00
168.15,57.75,83.00,97.00
165.57,52.53,83.00,97.00
162.49,46.59,83.00,97.00
164.53,42.28,83.00,97.00
161.57,41.87,83.00,97.00
163.55,46.31,83.00,97.00
165.74,47.89,83.00,97.00
162.86,45.64,83.00,97.00
166.73,53.43,83.00,97.00
167.22,53.15,83.00,97.00
166.64,50.03,83.00,97.00
171.94,56.67,83.00,97.00
168.90,52.67,83.00,97.00
165.44,46.37,83.00,97.00
165.30,32.40,83.00,97.00
168.93,39.78,83.00,97.00
161.27,42.34,83.00,97.00
172.58,47.26,83.00,97.00
166.76,46.98,83.00,97.00
169.99,46.24,83.00,97.00
167.52,45.15,83.00,97.00
167.62,49.43,83.00,97.00
167.14,43.36,83.00,97.00
163.82,46.48,83.00,97.00
167.35,53.98,83.00,97.00
166.40,46.27,83.00,97.00
165.28,44.64,83.00,97.00
161.07,36.84,83.00,97.00
171.59,44.93,83.00,97.00
166.26,40.69,83.00,97.00
158.68,36.10,83.00,97.00
163.83,37.98,83.00,97.00
167.70,44.39,83.00,97.00
145.33,39.46,83.00,97.00
157.48,38.12,83.00,97.00
157.24,44.93,83.00,97.00
163.22,49.78,83.00,97.00
161.00,49.41,83.00,97.00
157.38,51.26,83.00,97.00
153.74,48.55,83.00,97.00
151.66,44.65,83.00,97.00
149.79,44.58,83.00,97.00
143.89,42.81,83.00,97.00
143.59,42.36,83.00,97.00
143.05,45.40,83.00,97.00
144.35,43.48,83.00,97.00
145.03,44.12,83.00,97.00
148.79,44.04,83.00,97.00
156.88,42.59,83.00,97.00
151.60,29.11,83.00,97.00
156.65,33.52,83.00,97.00
164.13,36.13,83.00,97.00
155.25,28.59,83.00,97.00
171.09,47.68,83.00,97.00
170.39,39.26,83.00,97.00
180.72,56.21,83.00,97.00
154.68,35.30,83.00,97.00
139.99,31.16,83.00,97.00
148.42,37.12,83.00,97.00
146.68,38.82,83.00,97.00
134.61,39.74,83.00,97.00
124.81,43.10,83.00,97.00
143.53,43.67,83.00,97.00
136.25,41.29,83.00,97.00
135.15,40.82,83.00,97.00
146.19,37.07,83.00,97.00
137.39,42.87,83.00,97.00
136.50,41.83,83.00,97.00
144.13,47.19,83.00,97.00
170.11,53.43,83.00,97.00
167.08,53.25,83.00,97.00
161.28,46.05,83.00,97.00
163.59,48.96,83.00,97.00
159.87,48.06,83.00,97.00
161.15,52.48,83.00,97.00
161.75,47.90,83.00,97.00
163.85,50.43,83.00,97.00
164.84,49.99,83.00,97.00
169.11,49.72,83.00,97.00
169.39,48.29,83.00,97.00
172.84,47.65,83.00,97.00
170.82,44.89,83.00,97.00
150.78,40.88,83.00,97.00
135.86,41.12,83.00,97.00
144.47,33.79,83.00,97.00
141.18,44.73,83.00,97.00
139.00,40.72,83.00,97.00
134.00,51.01,83.00,97.00
142.78,45.77,83.00,97.00
144.43,44.03,83.00,97.00
144.68,46.57,83.00,97.00
155.62,44.63,83.00,97.00
158.72,44.52,83.00,97.00
159.20,44.43,83.00,97.00
160.28,44.37,83.00,97.00
153.16,40.98,83.00,97.00
157.38,39.26,83.00,97.00
154.28,34.39,83.00,97.00
167.05,43.12,83.00,97.00
163.30,42.53,83.00,97.00
161.87,41.18,83.00,97.00
165.34,44.23,83.00,97.00
161.04,43.80,83.00,97.00
156.98,41.45,83.00,97.00
153.63,41.59,83.00,97.00
154.53,37.16,83.00,97.00
152.36,37.57,83.00,97.00
161.99,36.79,83.00,97.00
159.75,37.28,83.00,97.00
163.23,37.76,83.00,97.00
162.01,34.04,83.00,97.00
157.85,26.01,83.00,97.00
153.06,30.87,83.00,97.00
152.83,31.15,83.00,97.00
156.38,37.82,83.00,97.00
158.17,42.32,83.00,97.00
155.78,40.83,83.00,97.00
152.19,37.10,83.00,97.00
159.98,36.43,83.00,97.00
153.42,35.94,83.00,97.00
156.69,30.98,83.00,97.00
147.06,39.01,83.00,97.00
150.12,30.26,83.00,97.00
140.33,41.68,83.00,97.00
155.52,33.91,83.00,97.00
154.75,39.47,83.00,97.00
141.70,37.45,83.00,97.00
138.38,37.93,83.00,97.00
131.54,43.05,83.00,97.00
144.26,43.50,83.00,97.00
134.66,31.33,83.00,97.00
136.08,34.76,83.00,97.00
134.67,44.77,83.00,97.00
141.43,41.71,83.00,97.00
142.68,36.98,83.00,97.00
152.66,41.10,83.00,97.00
151.88,41.56,83.00,97.00
153.11,43.49,83.00,97.00
152.69,45.64,83.00,97.00
144.11,40.38,83.00,97.00
157.17,55.14,83.00,97.00
151.93,40.47,83.00,97.00
166.40,55.67,83.00,97.00
162.83,44.82,83.00,97.00
162.07,38.32,83.00,97.00
145.82,29.66,83.00,97.00
161.90,40.10,83.00,97.00
156.40,35.44,83.00,97.00
151.53,33.72,83.00,97.00
155.16,38.30,83.00,97.00
156.01,32.55,83.00,97.00
151.88,42.22,83.00,97.00
148.98,38.49,83.00,97.00
139.90,36.14,83.00,97.00
131.43,39.71,83.00,97.00
148.70,39.64,83.00,97.00
137.57,40.37,83.00,97.00
137.19,43.32,83.00,97.00
136.67,41.71,83.00,97.00
132.87,29.12,83.00,97.00
129.84,44.90,83.00,97.00
127.33,48.00,83.00,97.00
133.82,53.19,83.00,97.00
127.19,51.49,83.00,97.00
125.80,59.77,83.00,97.00
133.84,55.17,83.00,97.00
128.39,50.87,83.00,97.00
2
0
0
0
0
1
58.78,35.58,95.00,117.00
59.86,37.80,95.00,117.00
63.07,39.00,95.00,117.00
54.06,39.46,95.00,117.00
56.67,43.31,95.00,117.00
58.77,41.85,95.00,117.00
54.46,45.29,95.00,117.00
56.56,40.81,95.00,117.00
61.56,35.36,95.00,117.00
67.79,34.25,95.00,117.00
74.96,35.52,95.00,117.00
75.45,42.47,95.00,117.00
75.42,35.65,95.00,117.00
72.94,44.03,95.00,117.00
84.42,43.86,95.00,117.00
81.70,35.04,95.00,117.00
74.16,39.81,95.00,117.00
83.83,43.87,95.00,117.00
74.61,40.45,95.00,117.00
76.84,34.16,95.00,117.00
83.20,34.16,95.00,117.00
81.49,36.59,95.00,117.00
72.02,43.45,95.00,117.00
75.59,46.82,95.00,117.00
68.55,46.99,95.00,117.00
82.11,49.76,95.00,117.00
83.73,43.24,95.00,117.00
75.51,42.40,95.00,117.00
74.24,44.69,95.00,117.00
75.13,43.89,95.00,117.00
76.52,32.69,95.00,117.00
78.03,44.92,95.00,117.00
86.37,35.66,95.00,117.00
77.28,31.73,95.00,117.00
76.35,40.35,95.00,117.00
76.88,33.32,95.00,117.00
79.70,45.11,95.00,117.00
79.70,47.79,95.00,117.00
69.92,42.19,95.00,117.00
70.19,40.09,95.00,117.00
81.19,34.96,95.00,117.00
78.10,35.48,95.00,117.00
77.00,33.06,95.00,117.00
77.09,31.95,95.00,117.00
72.72,40.12,95.00,117.00
76.04,42.89,95.00,117.00
70.19,40.13,95.00,117.00
69.15,46.25,95.00,117.00
62.60,42.21,95.00,117.00
56.48,38.07,95.00,117.00
54.72,33.72,95.00,117.00
54.28,30.23,95.00,117.00
57.55,29.73,95.00,117.00
57.02,32.54,95.00,117.00
56.32,33.25,95.00,117.00
54.29,38.08,95.00,117.00
55.14,38.63,95.00,117.00
55.73,40.60,95.00,117.00
52.76,42.94,95.00,117.00
52.93,40.69,95.00,117.00
48.25,39.01,95.00,117.00
54.05,34.41,95.00,117.00
57.05,33.61,95.00,117.00
59.86,30.56,95.00,117.00
68.62,37.96,95.00,117.00
72.25,42.18,95.00,117.00
79.53,37.91,95.00,117.00
71.13,37.24,95.00,117.00
79.76,42.95,95.00,117.00
74.79,37.29,95.00,117.00
81.40,41.23,95.00,117.00
71.30,42.82,95.00,117.00
74.93,36.83,95.00,117.00
78.48,45.76,95.00,117.00
79.18,36.40,95.00,117.00
72.81,37.35,95.00,117.00
76.80,33.40,95.00,117.00
77.67,37.47,95.00,117.00
71.30,50.09,95.00,117.00
64.50,50.44,95.00,117.00
76.47,44.90,95.00,117.00
64.17,53.62,95.00,117.00
61.52,47.49,95.00,117.00
65.34,47.69,95.00,117.00
64.03,41.63,95.00,117.00
2
0
0
0
0
1
153.47,42.38,75.00,89.00
155.08,44.35,75.00,89.00
158.57,46.75,75.00,89.00
158.30,40.29,75.00,89.00
153.68,38.75,75.00,89.00
151.85,40.13,75.00,89.00
158.59,43.38,75.00,89.00
160.03,50.15,75.00,89.00
156.51,49.90,75.00,89.00
151.20,51.53,75.00,89.00
150.56,53.62,75.00,89.00
148.68,54.80,75.00,89.00
149.09,50.21,75.00,89.00
145.80,48.16,75.00,89.00
141.53,49.61,75.00,89.00
138.87,43.59,75.00,89.00
133.27,44.45,75.00,89.00
133.40,45.57,75.00,89.00
129.76,41.55,75.00,89.00
134.16,37.81,75.00,89.00
126.65,38.79,75.00,89.00
137.14,42.77,75.00,89.00
132.77,46.08,75.00,89.00
133.62,47.63,75.00,89.00
133.95,50.41,75.00,89.00
134.47,47.07,75.00,89.00
122.44,51.41,75.00,89.00
130.87,43.83,75.00,89.00
132.79,54.51,75.00,89.00
136.53,48.29,75.00,89.00
141.28,51.54,75.00,89.00
144.49,64.02,75.00,89.00
145.30,56.80,75.00,89.00
148.26,50.97,75.00,89.00
148.91,53.29,75.00,89.00
144.69,58.35,75.00,89.00
144.04,51.29,75.00,89.00
150.44,50.87,75.00,89.00
163.51,46.27,75.00,89.00
158.65,43.11,75.00,89.00
151.76,40.24,75.00,89.00
151.45,41.05,75.00,89.00
150.12,41.24,75.00,89.00
148.09,41.76,75.00,89.00
144.94,42.01,75.00,89.00
141.79,40.92,75.00,89.00
145.04,40.87,75.00,89.00
144.66,38.16,75.00,89.00
144.91,36.76,75.00,89.00
143.91,35.81,75.00,89.00
143.40,35.21,75.00,89.00
141.35,33.84,75.00,89.00
156.45,38.57,75.00,89.00
159.19,40.97,75.00,89.00
155.39,41.87,75.00,89.00
152.49,41.91,75.00,89.00
147.96,40.76,75.00,89.00
144.97,38.83,75.00,89.00
140.95,40.49,75.00,89.00
135.50,40.49,75.00,89.00
127.27,42.28,75.00,89.00
125.09,42.77,75.00,89.00
133.78,43.79,75.00,89.00
128.71,40.18,75.00,89.00
135.01,43.31,75.00,89.00
136.68,41.78,75.00,89.00
136.42,42.54,75.00,89.00
138.39,40.79,75.00,89.00
136.20,40.01,75.00,89.00
137.23,42.77,75.00,89.00
137.24,42.27,75.00,89.00
138.51,44.30,75.00,89.00
136.58,40.69,75.00,89.00
139.01,40.41,75.00,89.00
137.84,42.05,75.00,89.00
143.61,39.28,75.00,89.00
146.18,38.04,75.00,89.00
146.12,38.33,75.00,89.00
141.51,37.28,75.00,89.00
151.21,36.10,75.00,89.00
154.36,34.35,75.00,89.00
158.81,32.41,75.00,89.00
152.05,33.69,75.00,89.00
155.90,33.37,75.00,89.00
154.73,35.91,75.00,89.00
150.00,36.04,75.00,89.00
148.96,37.88,75.00,89.00
143.24,37.08,75.00,89.00
146.64,35.62,75.00,89.00
147.45,33.25,75.00,89.00
152.09,33.98,75.00,89.00
153.73,28.41,75.00,89.00
157.24,28.87,75.00,89.00
164.16,31.10,75.00,89.00
172.30,34.49,75.00,89.00
171.42,36.22,75.00,89.00
173.00,41.47,75.00,89.00
172.10,36.51,75.00,89.00
171.88,39.27,75.00,89.00
174.29,36.99,75.00,89.00
170.25,37.55,75.00,89.00
171.96,38.10,75.00,89.00
172.68,35.81,75.00,89.00
168.54,29.30,75.00,89.00
168.58,41.71,75.00,89.00
167.06,49.36,75.00,89.00
163.99,48.67,75.00,89.00
157.96,50.07,75.00,89.00
155.30,49.96,75.00,89.00
149.55,51.12,75.00,89.00
147.77,48.24,75.00,89.00
146.28,42.97,75.00,89.00
151.29,44.69,75.00,89.00
154.90,45.87,75.00,89.00
158.09,46.23,75.00,89.00
162.58,48.32,75.00,89.00
162.12,51.37,75.00,89.00
169.29,50.25,75.00,89.00
168.58,58.69,75.00,89.00
168.92,45.60,75.00,89.00
177.60,38.62,75.00,89.00
172.46,40.10,75.00,89.00
171.31,42.02,75.00,89.00
167.58,51.74,75.00,89.00
169.84,36.76,75.00,89.00
170.22,45.41,75.00,89.00
166.95,36.21,75.00,89.00
173.61,42.07,75.00,89.00
171.64,29.90,75.00,89.00
173.18,35.25,75.00,89.00
177.76,37.52,75.00,89.00
163.50,25.92,75.00,89.00
162.33,27.58,75.00,89.00
165.60,26.10,75.00,89.00
167.70,27.64,75.00,89.00
149.70,32.55,75.00,89.00
153.14,34.17,75.00,89.00
158.26,35.77,75.00,89.00
158.70,31.51,75.00,89.00
130.97,36.58,75.00,89.00
137.80,32.58,75.00,89.00
136.20,23.66,75.00,89.00
136.61,29.39,75.00,89.00
141.58,22.82,75.00,89.00
145.47,25.34,75.00,89.00
149.94,22.25,75.00,89.00
146.54,27.40,75.00,89.00
147.71,27.43,75.00,89.00
147.89,32.45,75.00,89.00
141.92,30.64,75.00,89.00
142.49,29.92,75.00,89.00
147.38,23.37,75.00,89.00
147.45,24.48,75.00,89.00
147.92,29.90,75.00,89.00
149.74,33.72,75.00,89.00
150.30,38.91,75.00,89.00
151.33,37.39,75.00,89.00
151.55,41.20,75.00,89.00
154.65,35.07,75.00,89.00
156.98,33.35,75.00,89.00
159.81,33.56,75.00,89.00
146.00,46.82,75.00,89.00
148.50,44.41,75.00,89.00
146.45,43.90,75.00,89.00
151.03,36.57,75.00,89.00
147.60,41.39,75.00,89.00
154.40,33.65,75.00,89.00
149.56,33.38,75.00,89.00
145.62,32.51,75.00,89.00
142.92,34.01,75.00,89.00
138.12,36.68,75.00,89.00
141.27,33.86,75.00,89.00
143.50,35.23,75.00,89.00
145.60,32.25,75.00,89.00
147.34,30.34,75.00,89.00
152.27,31.89,75.00,89.00
156.49,32.37,75.00,89.00
159.17,37.21,75.00,89.00
162.82,35.92,75.00,89.00
168.73,36.73,75.00,89.00
170.47,33.21,75.00,89.00
170.36,31.91,75.00,89.00
170.71,38.76,75.00,89.00
167.60,32.55,75.00,89.00
174.25,41.97,75.00,89.00
179.14,34.38,75.00,89.00
171.76,40.29,75.00,89.00
175.11,39.48,75.00,89.00
174.98,38.05,75.00,89.00
170.12,39.66,75.00,89.00
171.48,40.35,75.00,89.00
172.89,36.25,75.00,89.00
167.71,38.91,75.00,89.00
158.88,37.23,75.00,89.00
155.21,32.27,75.00,89.00
157.83,32.86,75.00,89.00
159.79,33.42,75.00,89.00
160.93,34.94,75.00,89.00
162.38,36.18,75.00,89.00
167.01,36.20,75.00,89.00
168.32,42.04,75.00,89.00
171.51,42.83,75.00,89.00
172.83,44.14,75.00,89.00
167.65,44.62,75.00,89.00
167.41,46.98,75.00,89.00
162.99,48.73,75.00,89.00
161.38,48.37,75.00,89.00
163.42,49.27,75.00,89.00
159.91,52.28,75.00,89.00
151.88,52.90,75.00,89.00
144.37,51.29,75.00,89.00
145.66,48.81,75.00,89.00
148.50,44.98,75.00,89.00
140.43,45.68,75.00,89.00
140.06,43.28,75.00,89.00
139.94,47.79,75.00,89.00
140.10,55.91,75.00,89.00
138.36,50.81,75.00,89.00
142.31,50.26,75.00,89.00
139.76,49.38,75.00,89.00
144.43,51.04,75.00,89.00
145.58,48.60,75.00,89.00
147.35,46.81,75.00,89.00
150.00,45.62,75.00,89.00
152.57,42.64,75.00,89.00
150.78,40.58,75.00,89.00
151.58,33.39,75.00,89.00
147.16,36.46,75.00,89.00
145.13,38.28,75.00,89.00
140.44,39.45,75.00,89.00
136.66,42.66,75.00,89.00
133.70,43.68,75.00,89.00
133.72,44.03,75.00,89.00
127.05,43.45,75.00,89.00
123.92,40.96,75.00,89.00
129.09,44.43,75.00,89.00
134.01,35.17,75.00,89.00
127.16,42.12,75.00,89.00
131.38,31.58,75.00,89.00
134.52,41.95,75.00,89.00
133.60,55.38,75.00,89.00
136.22,63.44,75.00,89.00
143.89,51.31,75.00,89.00
139.96,51.06,75.00,89.00
141.25,58.63,75.00,89.00
141.67,50.71,75.00,89.00
149.98,52.50,75.00,89.00
156.40,54.14,75.00,89.00
155.89,59.15,75.00,89.00
150.58,56.89,75.00,89.00
143.19,60.48,75.00,89.00
139.86,53.41,75.00,89.00
141.27,59.52,75.00,89.00
137.15,47.76,75.00,89.00
126.37,50.26,75.00,89.00
134.88,49.06,75.00,89.00
138.26,58.27,75.00,89.00
133.55,53.10,75.00,89.00
124.32,41.59,75.00,89.00
125.18,53.21,75.00,89.00
124.56,51.27,75.00,89.00
143.65,61.48,75.00,89.00
138.36,63.77,75.00,89.00
138.04,61.96,75.00,89.00
133.90,55.76,75.00,89.00
141.98,49.09,75.00,89.00
139.94,55.03,75.00,89.00
141.94,54.66,75.00,89.00
145.52,53.31,75.00,89.00
151.13,54.64,75.00,89.00
146.92,55.31,75.00,89.00
142.81,53.99,75.00,89.00
139.66,53.11,75.00,89.00
139.10,50.07,75.00,89.00
147.15,55.29,75.00,89.00
145.37,59.49,75.00,89.00
139.59,54.52,75.00,89.00
152.58,53.25,75.00,89.00
151.61,56.47,75.00,89.00
142.37,59.56,75.00,89.00
153.09,55.34,75.00,89.00
136.18,54.37,75.00,89.00
142.94,52.02,75.00,89.00
147.08,52.50,75.00,89.00
151.29,55.34,75.00,89.00
145.22,55.26,75.00,89.00
148.56,55.32,75.00,89.00
150.09,57.98,75.00,89.00
147.94,54.84,75.00,89.00
147.32,52.64,75.00,89.00
143.87,43.79,75.00,89.00
139.63,34.18,75.00,89.00
135.61,31.84,75.00,89.00
126.83,30.62,75.00,89.00
130.97,31.35,75.00,89.00
136.67,30.31,75.00,89.00
152.79,21.93,75.00,89.00
160.57,23.42,75.00,89.00
151.46,24.76,75.00,89.00
147.70,23.87,75.00,89.00
151.27,23.12,75.00,89.00
154.79,16.55,75.00,89.00
144.11,27.40,75.00,89.00
148.52,27.66,75.00,89.00
150.79,32.07,75.00,89.00
151.65,33.45,75.00,89.00
151.99,38.07,75.00,89.00
149.92,43.96,75.00,89.00
155.32,49.23,75.00,89.00
154.49,48.29,75.00,89.00
154.10,48.43,75.00,89.00
151.61,47.82,75.00,89.00
147.79,45.18,75.00,89.00
149.36,43.97,75.00,89.00
141.17,42.15,75.00,89.00
139.74,43.24,75.00,89.00
138.85,44.60,75.00,89.00
137.65,46.92,75.00,89.00
133.23,46.25,75.00,89.00
129.06,45.59,75.00,89.00
130.89,40.59,75.00,89.00
136.54,45.70,75.00,89.00
130.14,41.82,75.00,89.00
132.87,43.30,75.00,89.00
127.25,32.81,75.00,89.00
131.15,45.75,75.00,89.00
130.01,48.72,75.00,89.00
123.20,52.83,75.00,89.00
124.09,39.35,75.00,89.00
129.21,44.07,75.00,89.00
130.84,44.64,75.00,89.00
134.86,42.44,75.00,89.00
138.10,46.04,75.00,89.00
142.09,46.28,75.00,89.00
141.41,45.52,75.00,89.00
142.17,44.77,75.00,89.00
140.80,44.80,75.00,89.00
140.55,46.07,75.00,89.00
139.95,48.39,75.00,89.00
139.06,53.96,75.00,89.00
130.02,38.98,75.00,89.00
129.01,39.79,75.00,89.00
133.05,41.41,75.00,89.00
152.36,52.56,75.00,89.00
147.40,50.45,75.00,89.00
146.02,47.34,75.00,89.00
136.71,40.20,75.00,89.00
132.00,40.89,75.00,89.00
130.63,43.14,75.00,89.00
134.79,52.10,75.00,89.00
137.76,51.13,75.00,89.00
130.79,44.63,75.00,89.00
129.09,48.83,75.00,89.00
137.31,45.15,75.00,89.00
135.08,41.39,75.00,89.00
128.39,39.71,75.00,89.00
127.37,36.51,75.00,89.00
130.50,40.78,75.00,89.00
121.68,40.57,75.00,89.00
