0.00150088
0.02110259
0.01947028
0.01675887
0.02056816
0.01931291
0.01840596
0.01996165
0.01653560
0.02018592
0.01660365
0.02137126
0.02045879
0.01752654
0.01736553
0.02018145
0.01688714
0.01685677
0.01627012
0.02076668
0.01882043
0.02057837
0.01996485
0.01678684
0.01587654
0.01591850
0.01559782
0.01544534
0.01564546
0.01577089
0.01602761
0.01619381
0.01666526
0.01699238
0.01908433
0.02005389
0.02266772
0.02076592
0.02201086
0.01724458
0.01955824
0.02048092
0.02034652
0.01929246
0.02016564
0.01981966
0.01569221
0.02022367
0.01590718
0.01552422
0.01979195
0.02013301
0.01685223
0.02059689
0.01672735
0.01976486
0.01948614
0.02079456
0.02115522
0.01991294
0.01811676
0.01584753
0.01544357
0.01562550
0.01985254
0.01642570
0.02055329
0.01597837
0.02144788
0.01570116
0.02006728
0.02013656
0.01659692
0.01966390
0.01991507
0.01582815
0.01653846
0.01632461
0.02040362
0.02129378
0.01666346
0.01653554
0.01844074
0.01893138
0.01684330
0.01673508
0.02012260
0.01774638
0.01655765
0.01610890
0.01923923
0.01752753
0.01566838
0.01566772
0.01980650
0.02031798
0.01981868
0.02027057
0.01674952
0.02267854
0.02049037
0.01928707
0.02090458
0.01604608
0.02056165
0.02001957
0.02455987
0.02018297
0.01968691
0.02105723
0.01909991
0.02044197
0.01899284
0.01954477
0.01999768
0.02141327
0.02043457
0.02137989
0.01901507
0.01764690
0.01825978
0.01674954
0.01568690
0.01760003
0.02063250
0.02073018
0.02004574
0.02428317
0.01798044
0.01781100
0.02027135
0.01657198
0.01973685
0.02014822
0.01987913
0.02153751
0.01980340
0.01804423
0.02045287
0.01810809
0.01734257
0.01698064
0.01627577
0.01659774
0.01854002
0.01627284
0.01869516
0.01577001
0.01744997
0.01561464
0.02064250
0.02549931
0.02014068
0.02022416
0.01960899
0.02128329
0.01864069
0.01995794
0.01694520
0.01601957
0.02022514
0.01834879
0.02136845
0.02048932
0.02028023
0.01669107
0.02005641
0.02044591
0.02078185
0.02062221
0.02075759
0.02131989
0.01712431
0.02160774
0.02013475
0.01662599
0.01749045
0.01985984
0.02034721
0.02019884
0.01619303
0.01764848
0.01991563
0.02107050
0.01661090
0.02039408
0.01708454
0.02012703
0.01677194
0.02010042
0.01569316
0.02001768
0.01710624
0.01589881
0.02230695
0.01779473
0.02049355
0.01663669
0.01743941
0.01676714
0.02092004
0.02141466
0.01735718
0.02204179
0.01862394
0.01738344
0.01658014
0.01824745
0.01925368
0.01637769
0.02052908
0.01760627
0.01648486
0.01762408
0.01758249
0.01869943
0.01713531
0.01933717
0.01743140
