0.00100647
0.02247404
0.02813808
0.02900104
0.02048791
0.01986552
0.02196254
0.01867262
0.01852735
0.01853673
0.01909801
0.01854355
0.02047516
0.01922821
0.01960994
0.02297324
0.01984272
0.01889131
0.02061316
0.01904361
0.02351102
0.02607190
0.00000000
0.00000000
0.00000000
0.00000000
0.00069428
0.02271253
0.01858197
0.01829724
0.01769873
0.02130671
0.01787245
0.01778020
0.01834323
0.01794586
0.02074937
0.01831208
0.02089025
0.01834004
0.01880227
0.02128878
0.02017564
0.02041104
0.01828506
0.01925672
0.01874839
0.02141243
0.01846151
0.01808903
0.02201032
0.02052202
0.00000000
0.00000000
0.00000000
0.00000000
0.00067427
0.01753275
0.01773960
0.01784396
0.01775051
0.01735288
0.02087552
0.01874422
0.01736955
0.01752031
0.01765173
0.02119988
0.01947195
0.01824942
0.02141654
0.01953489
0.01857281
0.02028932
0.01960555
0.01971556
0.01758213
0.01910993
0.01795018
0.02427008
0.03025200
0.02181799
0.02152378
0.02028780
0.02006821
0.01987952
0.01950549
0.01900031
0.01815515
0.01884474
0.02064965
0.02030501
0.01878907
0.01785727
0.01877552
0.01856607
0.01799685
0.02194287
0.01775063
0.01844310
0.02226505
0.01878566
0.01862367
0.01815666
0.02065097
0.01897132
0.01807609
0.01792622
0.01813464
0.01789144
0.01889989
0.01854926
0.03536208
0.01905138
0.01997117
0.01826228
0.01773129
0.01797436
0.02353083
0.01926445
0.02020092
0.02376620
0.02188456
0.01798987
0.01900905
0.02290003
0.01692376
0.01800798
0.01702342
0.02302296
0.01745025
0.02058524
0.01800662
0.02675260
0.01799431
0.01843404
0.02212843
0.01800132
0.01949779
0.01829207
0.01939430
0.01764538
0.01750477
0.01699921
0.02014777
0.01730639
0.01986111
0.01877674
0.01732688
0.01889411
0.01810192
0.01721653
0.01707121
0.01714450
0.02094674
0.02192098
0.01830207
0.01711795
0.01753142
0.02007519
0.01921802
0.01764003
0.01794957
0.01770177
0.02127588
0.01810660
0.01803948
0.01794391
0.01730394
0.01770190
0.01783272
0.02036366
0.01913387
0.01831018
0.01752611
0.02082648
0.01913313
0.01777792
0.01975877
0.02212784
0.02044820
0.01826006
0.02040421
0.01780637
0.02100395
0.01748683
0.01786256
0.01866508
0.01916843
0.01822445
0.01855076
0.01830880
0.01917725
0.02003788
0.01830052
0.01819182
0.01782372
0.01714255
0.01724744
0.01755493
0.01724780
