0.00383031
0.00820737
0.01231483
0.01202640
0.00652851
0.00472121
0.00523155
0.00363464
0.00334769
0.01257673
0.00435454
0.00332021
0.00369793
0.00425436
0.00319684
0.00416742
0.00569736
0.01181233
0.00532594
0.00434626
0.00326168
0.00414296
0.00560061
0.00585295
0.00790937
0.01087371
0.00441557
0.00795313
0.00529154
0.00326129
0.00559811
0.00676592
0.00572487
0.00574728
0.00930158
0.00570304
0.00567875
0.00851945
0.00558500
0.00330798
0.00337227
0.00551913
0.00382430
0.00333745
0.00328297
0.00322321
0.00318562
0.00325921
0.00439101
0.00535775
0.00472094
0.00321109
0.00329006
0.00326212
0.00362860
0.00534845
0.00553580
0.00330610
0.00325944
0.00327903
0.00356941
0.00373164
0.00425672
0.00496055
0.00507213
0.00565078
0.00545449
0.00578588
0.00540997
0.00401291
0.00517389
0.00569900
0.00615638
0.00562305
0.00606428
0.00533219
0.00331078
0.00553811
0.00533190
0.00636651
0.00538526
0.00606126
0.00553355
0.00470496
0.00515449
0.00578409
0.00546800
0.00563933
0.00410497
0.00667794
0.00684338
0.00420650
0.00519220
0.00556191
0.00564224
0.00593560
0.00398937
0.00614415
0.00580702
0.00538376
0.00664079
0.00771023
0.00381319
0.00399778
0.00466201
0.00550394
0.00336826
0.00604648
0.00537254
0.00642290
0.00536273
0.00513118
0.00607174
0.00782706
0.00579556
0.00624634
0.00632483
0.00532156
0.00607809
0.00621805
0.00596590
0.00482085
0.00593938
0.00555789
0.00530065
0.00423752
0.00590609
0.00582851
0.00711256
0.00790477
0.00685534
0.00956029
0.01025473
0.00688671
0.01063831
0.00667429
0.00578148
0.00933270
0.00940181
0.00603409
0.00760287
0.00695508
0.00594549
0.02645841
0.00810383
0.00614330
0.00730806
0.00569741
0.00447074
0.00793301
0.00607657
0.00690034
0.00640178
0.00632802
0.00588500
0.00709621
0.00599867
0.00756405
0.00775484
0.06659805
0.00720669
0.00609254
0.00689315
0.00901028
0.00934958
0.00530189
0.00651557
0.00591516
0.00610226
0.00557338
0.00720667
0.00594331
0.00752449
0.00616106
0.00614513
0.00817685
0.00606151
0.00661411
0.00435263
0.02800655
0.00558655
0.00592320
0.00755391
0.00548861
0.00524590
0.00639155
0.00867555
0.00654521
0.00759400
0.00564345
0.00626412
0.00706160
0.00579609
0.00534120
0.00892667
0.00815098
0.00491136
0.00377845
0.01394272
0.00582027
0.00638390
0.00620802
0.00414865
0.00867704
0.00323953
0.00338432
0.00419057
0.00571776
0.00664841
0.00347997
0.00328878
0.00326646
0.00324786
0.00327121
0.00527443
0.00561617
0.01134601
0.00325795
0.00327832
0.00339219
0.00544395
0.01238183
0.00649680
0.01010557
0.00493379
0.00536476
0.00407689
0.00539080
0.00542852
0.00546790
0.00548770
0.00543214
0.00775489
0.00548475
0.00533952
0.00541648
0.00533976
0.00532421
0.01356985
0.01226015
0.00334529
0.00337350
0.00486281
0.00311695
0.00417811
0.00750494
0.00756639
0.00594165
0.00334226
0.00323369
0.00324592
0.00415806
0.00548982
0.00339093
0.00557844
0.00581781
0.00629352
0.01760395
0.00449079
0.00333992
0.00341851
0.00528113
0.00321425
0.00326897
0.00355758
0.00438071
0.00432770
0.00455494
0.00397606
0.00479672
0.00341999
0.00434990
0.00436335
0.00397145
0.00517885
0.00386377
0.00467375
0.00307667
0.00310539
0.00432416
0.00355988
0.00458532
0.00403740
0.00345366
0.00374639
0.00311629
0.00356319
0.00462249
0.00433761
0.00448234
0.00368705
0.00333220
0.00322206
0.00311519
0.00434092
0.00354056
0.00403826
0.00464890
0.00366110
0.00356382
0.00341616
0.00312346
0.00391335
0.00460563
0.00458188
0.00458377
0.00415972
0.00354203
0.00353046
0.00440674
0.00352304
0.00434124
0.00460284
0.00397212
0.00359887
0.00372013
0.00433627
0.00388226
0.00459118
0.00457660
0.00365306
0.00357067
0.00420356
0.00454042
0.00439637
0.00459054
0.00437661
0.00362770
0.00419638
0.00455009
0.00437444
0.00458162
0.00462323
0.00406780
0.00353393
0.00310074
0.00311920
0.00419247
0.00369533
0.00433699
0.00458830
0.00432915
0.00353575
0.00350847
0.00355064
0.00434508
0.00356081
0.00436984
0.00423720
0.00354904
0.00356748
0.00436228
0.00442172
0.00433599
0.00461383
0.00389209
0.00365550
0.00358795
0.00434867
0.00462603
0.00404981
0.00459878
0.00425802
0.00553954
0.00326596
0.00360200
0.00419211
0.00353781
0.00432632
0.00602669
0.00484447
0.00432590
0.00456264
0.00458990
0.00456671
0.00410102
0.00356588
0.00361190
0.00457971
0.00457488
0.00462800
0.00461765
0.00436355
0.00373417
0.00355874
0.00436064
0.00460686
0.00456839
0.00458106
0.00482485
0.00437832
0.00438854
0.00457234
0.00457421
0.00465394
0.00428355
0.00353452
0.00314752
0.00350384
0.00432598
0.00455019
0.00456660
0.00441540
0.00356034
0.00322349
0.00312647
0.00418346
0.00456615
0.00461282
0.00466184
0.00368877
0.00345194
0.00312134
0.00310024
0.00438495
0.00410387
0.00462899
0.00433279
0.00460989
0.00363983
0.00435379
0.00437932
0.00481495
0.00406028
0.00511094
0.00411130
0.00409081
0.00359466
0.00398284
0.00459660
0.00442500
0.00361209
0.00323480
0.00314924
0.00312569
0.00432299
0.00357949
0.00438874
0.00431809
0.00355969
0.00313115
0.00314481
0.00421410
0.00463162
0.00459564
0.00461351
0.00367113
0.00347616
0.00312727
0.00421248
0.00462547
0.00460931
0.00465476
0.00368650
0.00471005
0.00435977
0.00463034
0.00467509
0.00465090
0.00428925
0.00367565
0.00355768
0.00325593
0.00343582
0.00440855
0.00462691
0.00465782
0.00370062
0.00344986
0.00317561
0.00420290
0.00454875
0.00369812
0.00437191
0.00367714
0.00494542
0.00418785
0.00458802
0.00460231
0.00460822
0.00478506
0.00430319
0.00355170
0.00414126
0.00359355
0.00436783
0.00411193
0.00368575
0.00372203
0.00358449
0.00312270
0.00422893
0.00375724
0.00435065
0.00461320
0.00433033
0.00420225
0.00400300
0.00465347
0.00465941
0.00399120
0.00459334
0.00507509
0.00411872
0.00489363
0.00464306
0.00461941
0.00463239
0.00366772
0.00363058
0.00436202
0.00461122
0.00425092
0.00458267
0.00469365
0.00369859
0.00349062
0.00313910
0.00354815
0.00357393
0.00423182
0.00420515
0.00382364
0.00354326
0.00330816
0.00306679
0.00313279
0.00311107
0.00310181
0.00309596
0.00310865
0.00316782
0.00314265
0.00319687
0.00312600
0.00311616
0.00309948
0.00310157
0.00309803
0.00313269
0.00431847
0.00352011
0.00313974
0.00309822
0.00315724
0.00356108
0.00453564
0.00434135
0.00451241
0.00365694
0.00340997
0.00308442
0.00313797
0.00358975
0.00420682
0.00440239
0.00446156
0.00425031
0.00362697
0.00357678
0.00435276
0.00436229
0.00461167
0.00443693
0.00356008
0.00352827
0.00313891
0.00309860
0.00309278
0.00308534
0.00308841
0.00314202
0.00378421
0.00377036
0.00415912
0.00466802
0.00438799
0.00393758
0.00359439
0.00353344
0.00358829
0.00435131
0.00433887
0.00460625
0.00461600
0.00366360
0.00433465
0.00366385
0.00355888
0.00438019
0.00437737
0.00461636
0.00458598
0.00462466
0.00465975
0.00457657
0.00462563
0.00457639
0.00464739
0.00458102
0.00458264
0.00458672
0.00458536
0.00430138
0.00397499
0.00465921
0.00381503
0.00483182
0.00436962
0.00433893
0.00458247
0.00455862
0.00463621
0.00462388
0.00432897
0.00459481
0.00457636
0.00455954
0.00423888
0.00356791
0.00433890
0.00454638
0.00457267
0.00461002
0.00436293
0.00457051
0.00461038
0.00461153
0.00460271
0.00461651
0.00431436
0.00358301
0.00437806
0.00453083
0.00364859
0.00435000
0.00454962
0.00461044
0.00458715
0.00460201
0.00458666
0.00461927
0.00426483
0.00437410
0.00458696
0.00471046
0.00436807
0.00463297
0.00460873
0.00460603
0.00432355
0.00457946
0.00461647
0.00462386
0.00445288
0.00437605
0.00429772
0.00384087
0.00464325
0.00455647
0.00366204
0.00439705
0.00458576
0.00459782
0.00458106
0.00421218
0.00457199
0.00426315
0.00357243
0.00438767
0.00461011
0.00461897
0.00437754
0.00465091
0.00460967
0.00458737
0.00463899
0.00459451
0.00461853
0.00464894
0.00461288
0.00434882
0.00464286
0.00457140
0.00439187
0.00462480
0.00458384
0.00459449
0.00461636
0.00457778
0.00477631
0.00389447
0.00341372
0.00317928
0.00315639
0.00312856
0.00339695
0.00371109
0.00357179
0.00437653
0.00441563
0.00357038
0.00433760
0.00417677
0.00455322
0.00456923
0.00456014
0.00372001
0.00343850
0.00443291
0.00398271
0.00457818
0.00456285
0.00457511
0.00455028
0.00461116
0.00434680
0.00419502
0.00477237
0.00359003
0.00435902
0.00354657
0.00433572
0.00430839
0.00359034
0.00465098
0.00464070
0.00457458
0.00434809
0.00442655
0.00431860
0.00458928
0.00461781
0.00439079
0.00431113
0.00457307
0.00436345
0.00353533
0.00330783
0.00312981
0.00416874
0.00466157
0.00455133
0.00454363
0.00362859
0.00433341
0.00459093
0.00432029
0.00457188
0.00455472
0.00441554
0.00429633
0.00460473
0.00455839
0.00455567
0.00437968
0.00455845
0.00456788
0.00458300
0.00460484
0.00457694
0.00460819
0.00457669
0.00440061
0.00460274
0.00429825
0.00457288
0.00428123
0.00355216
0.00433060
0.00456891
0.00408752
0.00354098
0.00434340
0.00356341
0.00430723
0.00409774
0.00395423
0.00453516
0.00456663
0.00455928
0.00457734
0.00453853
0.00458500
0.00434476
0.00455778
0.00456624
0.00433600
0.00355337
0.00385010
0.00372351
0.00355337
0.00371389
0.00358169
0.00354933
0.00414377
0.00456018
0.00433866
0.00433845
0.00456211
0.00456336
0.00462211
0.00431492
0.00457545
0.00436932
0.00435491
0.00428124
0.00454539
0.00484621
0.00406929
0.00438148
0.00454385
0.00432055
0.00432101
0.00453738
0.00458161
0.00432727
0.00457895
0.00431535
0.00434633
0.00434807
0.00410328
0.00457043
0.00409215
0.00456661
0.00459572
0.00431235
0.00435685
0.00452611
0.00457250
0.00417829
0.00456454
0.00456902
0.00433453
0.00459989
0.00449394
0.00354408
0.00430663
0.00469237
0.00426820
0.00444432
0.00364395
0.00311154
0.00374651
0.00437029
0.00434868
0.00434751
0.00461827
0.00438388
0.00358738
0.00436420
0.00434613
0.00453655
0.00365057
0.00435749
0.00430864
0.00456028
0.00433134
0.00423081
0.00460301
0.00457494
0.00460491
0.00456708
0.00456672
0.00437712
0.00458424
0.00456830
0.00442840
0.00358917
0.00420887
0.00455978
0.00460540
0.00454627
0.00457095
0.00456635
0.00466140
0.00434150
0.00458238
0.00460059
0.00458257
0.00458079
0.00461522
0.00435499
0.00436138
0.00460453
0.00437450
0.00459712
0.00452908
0.00367960
0.00421080
0.00458543
0.00463181
0.00453474
0.00363954
0.00434118
0.00457574
0.00451237
0.00420094
0.00430532
0.00434063
0.00460766
0.00454824
0.00367161
0.00430834
0.00461212
0.00365818
0.00465981
0.00436809
0.00486244
0.00449982
0.00466549
0.00466567
0.00471144
0.00472805
0.00468885
0.00472712
0.00468326
0.00473551
0.00474107
0.00470920
0.00463166
0.00436144
0.00459740
0.00433449
0.00433387
0.00440163
0.00459787
0.00522507
0.00356424
0.00441236
0.00446592
0.00411490
0.00464334
0.00437170
0.00369407
0.00358463
0.00421947
0.00460361
0.00462428
0.00438476
0.00464122
0.00368987
0.00437314
0.00460382
0.00460572
0.00462040
0.00464221
0.00434559
0.00464996
0.00421687
0.00436471
0.00459210
0.00435927
0.00466018
0.00437140
0.00463099
0.00457249
0.00459620
0.00461384
0.00458610
0.00462841
0.00438443
0.00465443
0.00460057
0.00462254
0.00484399
0.00386780
0.00460730
0.00434767
0.00461948
0.00479334
0.00364053
0.00433863
0.00463415
0.00460622
0.00364814
0.00434849
0.00461107
0.00435044
0.00434934
0.00459290
0.00462574
0.00433788
0.00462133
0.00442870
0.00462778
0.00461307
0.00457741
0.00460699
0.00462604
0.00458738
0.00437436
0.00464134
0.00461947
0.00464673
0.00461062
0.00461645
0.00462719
0.00434144
0.00461273
0.00459533
0.00439534
0.00439390
0.00461062
0.00425648
0.00457788
0.00458864
0.00458571
0.00461107
0.00464183
0.00465381
0.00360934
0.00434097
0.00461965
0.00442916
0.00457236
0.00464546
0.00436004
0.00458557
0.00455293
0.00367118
0.00437433
0.00459502
0.00458315
0.00463852
0.00459496
0.00421521
0.00401307
0.00457852
0.00440422
0.00486124
0.00373891
0.00432804
0.00380302
0.00359011
0.00355962
0.00434314
0.00434350
0.00462769
0.00461880
0.00461384
0.00462255
0.00456158
0.00368479
0.00386204
0.00361150
0.00434093
0.00445459
0.00358129
0.00415358
0.00439675
0.00342896
0.00341199
0.00343028
0.00341958
0.00343263
0.00437665
0.00461952
0.00436071
0.00431622
0.00468540
0.00463754
0.00440167
0.00463154
0.00460385
0.00463271
0.00437178
0.00456566
0.00458325
0.00438429
0.00459616
0.00464504
0.00431478
0.00437586
0.00463181
0.00462875
0.00461069
0.00439940
0.00357027
0.00434489
0.00432727
0.00469369
0.00433538
0.00406642
0.00385461
0.00340608
0.00311986
0.00419426
0.00374893
0.00357481
0.00456695
0.00434125
0.00453899
0.00460136
0.00430436
0.00420294
0.00422289
0.00457347
0.00454685
0.00379018
0.00357918
0.00355178
0.00434432
0.00435767
0.00360366
0.00430357
0.00356631
0.00437640
0.00440860
0.00434275
0.00492378
0.00456865
0.00432409
0.00456116
0.00431404
0.00461610
0.00434628
0.00457902
0.00455293
0.00440951
0.00418842
0.00455287
0.00456056
0.00436979
0.00460954
0.00458740
0.00456326
0.00431655
0.00455745
0.00458303
0.00455243
0.00437431
0.00456696
0.00460632
0.00453015
0.00456980
0.00458931
0.00460509
0.00454007
0.00456022
0.00419398
0.00354272
0.00438953
0.00459605
0.00433205
0.00460685
0.00435130
0.00458471
0.00455326
0.00435258
0.00454451
0.00461668
0.00459843
0.00435773
0.00460884
0.00433547
0.00432799
0.00457484
0.00455727
0.00396464
0.00468062
0.00419751
0.00454614
0.00438940
0.00481130
0.00390179
0.00357130
0.00439521
0.00422629
0.00357243
0.00355337
0.00433575
0.00456209
0.00458942
0.00456759
0.00455839
0.00457627
0.00498594
0.00474081
0.00394239
0.00369883
0.00357202
0.00316933
0.00317466
0.00375657
0.00442557
0.00308816
0.00313125
0.00420610
0.00396838
0.00457264
0.00430482
0.00457839
0.00460048
0.00430199
0.00356194
0.00312167
0.00419793
0.00455408
0.00457469
0.00461122
0.00456677
0.00459983
0.00457382
0.00456721
0.00459472
0.00455049
0.00455896
0.00420671
0.00461395
