0.00059327
0.01281326
0.01385806
0.01721201
0.01326984
0.01309778
0.01351592
0.01453100
0.01253776
0.01362225
0.01281859
0.01250920
0.01308611
0.01322885
0.01275862
0.01362612
0.01379915
0.01370895
0.01678399
0.01293381
0.01263425
0.01259592
0.01362276
0.01322132
0.01410545
0.01249453
0.01558396
0.01242285
0.01364728
0.01463684
0.01573733
0.01486837
0.01636760
0.01299181
0.01400344
0.01345974
0.01267118
0.01267869
0.01340401
0.01249445
0.01367349
0.01388139
0.01269166
0.01214331
0.01309524
0.01335669
0.01343160
0.01331074
0.01465413
0.01466662
0.01458331
0.01274235
0.01382449
0.01282312
0.01276973
0.01260006
0.01275081
0.01368364
0.01348633
0.01282171
0.01217258
0.01213131
0.01245643
0.01258117
0.01241652
0.01724720
0.01383119
0.01416656
0.01384172
0.01263204
0.01297055
0.01570954
0.00000000
0.00000000
0.00000000
0.00000000
0.00062443
0.01383195
0.01365994
0.01414417
0.01438587
0.01333507
0.01508911
0.01414650
0.01336146
0.01380326
0.01335684
0.01691584
0.01311686
0.01327233
0.01371171
0.01417988
0.01707708
0.01342269
0.01370668
0.01417691
0.01395758
0.01420798
0.01385520
0.01430478
0.01454307
0.01401189
0.01437787
0.01354338
0.01321132
0.02184307
0.01308408
0.01476275
0.01438655
0.01413761
0.01393868
0.01392809
0.01364189
0.01322326
0.01456286
0.01328105
0.01419412
0.01356546
0.01443796
0.01755117
0.01449725
0.01426097
0.01340161
0.01781385
0.01400199
0.01390297
0.01399051
0.01399990
0.01416825
0.01349502
0.01332263
0.01451843
0.01441968
0.01471026
0.01419259
0.01503688
0.01313694
0.01368493
0.01377910
0.01447289
0.01474968
0.01336750
0.01341012
0.01333853
0.01335377
0.01336240
0.01537089
0.01544343
0.01400567
0.01387500
0.01334402
0.01541591
0.01425745
0.01324112
0.01724466
0.01320903
0.01356254
0.01413260
0.01422634
0.01313895
0.01461355
0.01380105
0.01360734
0.01345232
0.01340076
0.01332972
0.01388423
0.01367754
0.01345104
0.01345501
0.01325356
0.01342802
0.01359381
0.01401169
0.01316761
0.02065329
0.01319542
0.01297993
0.01302208
0.01810944
0.01308548
0.01321873
0.01309749
0.01410595
0.01408390
0.01374255
0.01321557
0.01445731
0.01324860
0.01316504
0.01318550
0.01450981
0.01378798
0.01383867
0.01321283
0.01374316
0.01590885
0.01437162
0.01424386
0.01332979
0.01428658
0.01345283
0.01334541
0.01385739
0.01401527
0.01368354
0.01448330
0.01418547
0.01510996
0.01347205
0.01362418
0.01908959
0.01454975
0.01444472
0.01373084
0.01451135
0.01334759
0.01763976
0.01426903
0.01622885
0.01378092
0.01533693
0.01398822
0.01431065
0.01422171
0.01324711
0.01422215
0.01421083
0.01358786
0.01392611
0.01352011
0.01369180
0.01433588
0.01433156
0.01429727
0.01624491
0.01420503
0.01378705
0.01380269
0.01330328
0.01327318
0.01407641
0.01407819
0.01412134
0.01387533
0.01783138
0.01282171
0.01295358
0.01357681
0.01425844
0.01387008
0.01369400
0.01459554
0.01454055
0.01355682
0.01418507
0.01353505
0.01368119
0.01339566
0.01428415
0.01548512
0.01405685
0.01352927
0.01431097
0.01418196
0.01441990
0.01344517
0.01478306
0.01366515
0.01428120
0.01421259
0.01764071
0.01337973
0.01424122
0.01421721
0.01319869
0.01432549
0.01317949
0.01327342
0.01449491
0.01669141
0.01363357
0.01426941
0.01458720
0.01390692
0.01335178
0.01326976
0.01431510
0.01391011
0.01535100
0.01411407
0.01317248
0.01422038
0.01417531
0.01316272
0.01440966
0.01390550
0.01343091
0.01445289
0.01576845
0.01509918
0.01551344
0.01432302
0.01510101
0.01441760
0.01434156
0.01409679
