0.00123631
0.01374278
0.01013315
0.01353642
0.01341887
0.01329434
0.01355613
0.01340798
0.01358116
0.01362427
0.01317717
0.01432484
0.01451153
0.01143223
0.01306141
0.01343770
0.01222597
0.01375819
0.01366728
0.01135740
0.01254159
0.01263068
0.01321358
0.01486150
0.01355505
0.01199728
0.01400201
0.01337691
0.01483231
0.01286628
0.01311011
0.01454683
0.01424733
0.01371530
0.01301645
0.01393265
0.01363403
0.01414702
0.01224629
0.01391935
0.01356240
0.01362918
0.01356413
0.01318009
0.01371100
0.01339923
0.01304373
0.01353590
0.01318246
0.01303991
0.01400693
0.01321678
0.01340748
0.01353036
0.01202010
0.01393347
0.01439834
0.01329673
0.01364844
0.01367041
0.01382449
0.01304909
0.01327885
0.01820340
0.01366850
0.01353383
0.01364462
0.01293240
0.01359052
0.01344021
0.01402595
0.01358532
0.01325836
0.01350398
0.01362381
0.01220868
0.01526001
0.01255335
0.01239218
0.01380031
0.01187966
0.01325881
0.01344642
0.01514294
0.01306851
0.01663367
0.01247692
0.01443004
0.01772449
0.01363918
0.00000000
0.00000000
0.00000000
0.00000000
0.00101380
0.01611801
0.01621104
0.01679883
0.01519627
0.01635829
0.01591058
0.01623235
0.01507007
0.01632981
0.01500010
0.01674016
0.01244357
0.01605559
0.01627126
0.01485909
0.01473393
0.01602987
0.01393966
0.01638337
0.01597060
0.01627619
0.01758902
0.01613549
0.01641995
0.01600067
0.01623679
0.01580973
0.01635683
0.01589405
0.01675767
0.01509042
0.00000000
0.00000000
0.00000000
0.00000000
0.00083991
0.01372751
0.01466838
0.01308169
0.01495827
0.01453650
0.01477384
0.01463398
0.01638997
0.01451675
0.01478962
0.01453165
0.01484182
0.01883558
0.01470873
0.01458380
0.01462201
0.01389114
0.01476734
0.01624800
0.01462886
0.01492581
0.01469305
0.01459015
0.01483075
0.01465679
0.01594576
0.01480009
0.01483190
0.01445325
0.01430678
0.01495619
0.01466824
0.01507182
0.01456037
0.00000000
0.00000000
0.00000000
0.00000000
0.00082478
0.01347350
0.01383278
0.01510384
0.01407809
0.01487679
0.01238463
0.01399443
0.01361803
0.01392410
0.01446489
0.01262070
0.01383575
0.01381088
0.01253061
0.01381388
0.01274192
0.01346150
0.01371848
0.01349599
0.01376700
0.01369149
0.01312955
0.01584387
0.01323553
0.01372613
0.01415225
0.01276111
0.01736143
0.01393377
0.01387623
0.01268880
0.01286198
0.01370535
0.01234615
0.01488121
0.01373838
0.01251667
0.01383175
0.01369817
0.01321057
0.01367488
0.01364980
0.01377455
0.01334665
0.01293392
0.01362727
0.01360720
0.01365751
0.01322164
0.01267967
0.01373138
0.01357864
0.01098331
0.01305327
0.01367635
0.01374026
0.01376895
0.01261145
0.01380117
0.01378828
0.01390075
0.01425310
0.01336705
0.01382320
0.01407552
0.01404191
0.01386244
0.01232131
0.01409665
0.00000000
0.00000000
0.00000000
0.00000000
0.00067203
0.01288224
0.01344987
0.01340522
0.01295880
0.01246973
0.01287300
0.01262586
0.01224906
0.00931230
0.01303190
0.01294867
0.01140637
0.01295860
0.01299827
0.01163302
0.01231609
0.01261692
0.01281848
0.01311292
0.01313936
0.01274266
0.01308666
0.01383838
0.01297833
0.01308851
0.01297370
0.01301021
