0.00426846
0.00521627
0.00316556
0.00396592
0.00430472
0.00397226
0.00396023
0.00396158
0.00396613
0.00398338
0.00395208
0.00391065
0.00396753
0.00395076
0.00380276
0.00392239
0.00390445
0.00389420
0.00394620
0.00390077
0.00392924
0.00394302
0.00389295
0.00305699
0.00290986
0.00288687
0.00289208
0.00293054
0.00290407
0.00314833
0.00450122
0.00467406
0.00442627
0.00713044
0.00385441
0.00328914
0.00449295
0.00000000
0.00000000
0.00000000
0.00000000
0.00375858
0.00522707
0.00384222
0.00617966
0.00383835
0.00510898
0.00393765
0.00387462
0.01428388
0.00388641
0.00407176
0.00339199
0.00414514
0.00415493
0.00325276
0.00252768
0.00404663
0.00300080
0.00260042
0.00235638
0.00234710
0.00240206
0.00236870
0.00231060
0.00324862
0.00244579
0.00237602
0.00237418
0.00239290
0.00259464
0.00231347
0.00250907
0.00237832
0.00268036
0.00231230
0.00233504
0.00241823
0.00235026
0.00405337
0.00399178
0.00397119
0.00237589
0.00406272
0.00418487
0.00395211
0.00392858
0.00412267
0.00423241
0.00315649
0.00411653
0.00414442
0.00424555
0.00428441
0.00435356
0.00418570
0.00431044
0.00413120
0.00241856
0.00240586
0.00420380
0.00418660
0.00425145
0.00242061
0.00369673
0.00247558
0.00414043
0.00247042
0.00390261
0.00235149
0.00469873
0.00427081
0.01042874
0.00396950
0.00242450
0.00414020
0.00570399
0.00244723
0.00243104
0.00419584
0.00243156
0.00329671
0.00653841
0.00427277
0.00238107
0.00427985
0.00417940
0.00237595
0.00242868
0.00236309
0.00646864
0.00881610
0.00399778
0.00427850
0.01317333
0.00404147
0.00356425
0.00310596
0.00413382
0.00417564
0.00243163
0.00458805
0.00327379
0.00327079
0.00318019
0.00259716
0.00258780
0.00233991
0.00780460
0.00237648
0.00329863
0.00279832
0.00319934
0.00325068
0.00328345
0.00327484
0.00329355
0.00332515
0.00000000
0.00000000
0.00000000
0.00000000
0.00185182
0.00287621
0.00203610
0.00206923
0.00202493
0.00215599
0.00249730
0.00215396
0.00215044
0.00217136
0.00202718
0.00213034
0.00215270
0.00214995
0.00214215
0.00212612
0.00213887
0.00214559
0.00215190
0.00216649
0.00202174
0.00212015
0.00214425
0.00222883
0.00214171
0.00215056
0.00000000
0.00000000
0.00000000
0.00000000
0.00126159
0.00151659
0.00136566
0.00139687
0.00136470
0.00138080
0.00143435
0.00144296
0.00145943
0.00126716
0.00146993
0.00150913
0.00154931
0.00154720
0.00167764
0.00149824
0.00149581
0.00148756
0.00147335
0.00145277
0.00140531
0.00144996
0.00000000
0.00000000
0.00000000
0.00000000
0.00185482
0.00226332
0.00218719
0.00223227
0.00219409
0.00224861
0.00220242
0.00216048
0.00216089
0.00217974
0.00218178
0.00213889
0.00213220
0.00214676
0.00218711
0.00220158
0.00219070
0.00217537
0.00215251
0.00208961
0.00220755
0.00221059
0.00219938
0.00203943
0.00220859
0.00219232
0.00220715
0.00222440
0.00221634
0.00221747
0.00220833
0.00221982
0.00218314
0.00214166
0.00214216
0.00214878
0.00214448
0.00216502
0.00208326
0.00215472
0.00215218
0.00214573
0.00211918
0.00212571
0.00211960
0.00213399
0.00213145
0.00210832
0.00210336
0.00210263
0.00211820
0.00211753
0.00211858
0.00212776
0.00215790
0.00211773
0.00212637
0.00212157
0.00213605
0.00214137
0.00211236
0.00213659
0.00211712
0.00212629
0.00212842
0.00212662
0.00213754
0.00212909
0.00225580
0.00224060
0.00179923
0.00204626
0.00211799
0.00211260
0.00211146
0.00212628
0.00213601
0.00207506
0.00214849
0.00214441
0.00213371
0.00212258
0.00213838
0.00213309
0.00214449
0.00215029
0.00206176
0.00213092
0.00215653
0.00202573
0.00213659
0.00216663
