0.00141773
0.01922184
0.02280914
0.01980314
0.01893616
0.01839884
0.01816051
0.02077686
0.02020732
0.02044005
0.02066045
0.02043309
0.02004389
0.01973566
0.02409409
0.01788098
0.01697175
0.01908314
0.01791612
0.01762552
0.01835874
0.02172032
0.01701485
0.01762267
0.02055980
0.02067687
0.02034956
0.02058728
0.01720376
0.02127733
0.00000000
0.00000000
0.00000000
0.00000000
0.00131105
0.02139219
0.01930415
0.02154242
0.02157529
0.02222536
0.02102614
0.02299233
0.01848824
0.01818663
0.02187079
0.02600381
0.02052778
0.02195726
0.02105080
0.02176119
0.02216245
0.02165560
0.01886792
0.01856314
0.01831882
0.02201139
0.01929338
0.01945838
0.01854453
0.02091769
0.02664838
0.01857259
0.01883768
0.01840239
0.02259871
0.01864646
0.01779966
0.02093013
0.02018106
0.01978976
0.01902334
0.01826941
0.01799912
0.01867341
0.01859521
0.01907727
0.01907508
0.00000000
0.00000000
0.00000000
0.00000000
0.00093874
0.02172312
0.02114760
0.02201823
0.02162997
0.02103679
0.02060494
0.02129695
0.02066135
0.02568988
0.02299349
0.02502873
0.02421650
0.02108789
0.02084055
0.02151131
0.02094486
0.02215263
0.02265249
0.02170420
0.02167892
0.02155331
0.02121703
0.02353369
0.02181673
0.02120124
0.02155551
0.02159822
0.02124579
0.02403879
0.02170230
0.02140993
0.02228395
0.02504710
0.02146699
0.02153574
0.02206313
0.02604438
0.02119791
0.02173582
0.02148917
0.02188199
0.02292420
0.02107926
0.02169942
0.02066084
0.02197295
0.02150508
0.02341914
0.02253776
0.02224553
0.02382544
0.03973932
0.02365608
0.02623896
0.02575349
0.02170495
0.02694418
0.02286364
0.02957059
0.02665911
0.02083253
0.02559675
0.02104126
0.02550011
0.00000000
0.00000000
0.00000000
0.00000000
0.00102374
0.01937494
0.02074375
0.02098469
0.02120972
0.01648067
0.02143454
0.01743250
0.02129159
0.02185221
0.01706377
0.01797651
0.01636808
0.01970998
0.01802706
0.01970943
0.01726674
0.02056483
0.01746831
0.02084705
0.01762633
0.02306314
0.02149973
0.02216714
0.02205713
0.02159416
0.01938166
0.01805226
0.01958281
0.02175707
0.02147350
0.02146390
0.02148017
0.02155533
0.01758831
0.02147419
0.02101894
0.02064744
0.02109965
0.02141783
0.02142441
0.02600291
0.01922912
0.01808765
0.01739469
0.02146178
0.01679215
0.02131596
0.02070801
0.01987179
0.02159753
0.02157550
0.02135964
0.02126245
0.02147079
0.01850651
0.02165776
0.02133902
0.01710322
0.02160638
0.02250430
0.02144564
0.02345291
0.02711157
0.02143580
0.02122084
0.01992339
0.02082121
0.01988604
0.01865838
0.01912207
0.02138961
0.01777245
0.02024557
0.02207975
0.02411064
0.02130361
0.01956096
0.02122932
0.02439045
0.02499838
0.02018695
0.01766843
0.01890144
0.02053629
0.02061729
0.01881352
0.01888441
0.01890669
0.02311703
0.02033813
0.01829961
0.01795308
0.02249432
0.02077438
0.01881917
0.02177990
0.02281192
0.01867879
0.02380257
0.02309084
0.02093629
0.02225086
0.02193746
0.02040851
0.01850150
0.01725126
0.02019592
0.02293044
0.01931334
0.02026244
0.02179392
0.01954264
0.02181546
0.02124357
0.01839974
0.02463679
0.02167968
0.01886142
0.02002965
0.02205937
0.02063446
0.01965062
0.02125535
0.01842949
0.02019435
0.02064095
0.02156924
0.02152627
0.02128392
0.01883207
0.01692612
0.02112310
0.02054013
0.02137719
0.02128395
0.02502899
0.02099175
0.01952153
0.00000000
0.00000000
0.00000000
0.00000000
0.00087480
0.02155008
0.02005896
0.02202213
0.02122528
0.02292213
0.02197992
0.02191054
0.02207551
0.02312320
0.02099341
0.01802208
0.02220142
0.01933911
0.02260962
0.02254883
0.02266630
0.02671453
0.02332728
0.02288633
0.02250912
0.02189072
0.02287551
0.01818155
0.02219745
0.02242927
0.02086387
0.02011404
0.02234701
0.02268114
0.02275304
0.02212119
0.02258627
0.02239964
0.02189696
0.01933245
0.02168547
0.02403217
0.02570350
0.01995862
0.02224718
0.02228112
0.02010214
0.02431746
0.02249322
0.02261278
0.02558739
0.02172600
0.02172354
0.02161711
0.02065272
0.02235046
0.02993035
0.02095049
0.02351898
0.02232268
0.02241100
0.02133765
0.02219306
0.01783951
0.02273813
0.02236399
0.02227113
0.02100514
0.02120123
0.02258151
0.02169330
0.02179615
0.02424802
0.01993538
0.02219012
0.01875379
0.02251398
0.02205307
0.02090323
0.02240398
0.02014780
0.02254775
0.02286704
0.02282399
0.02340756
0.02276302
0.01894155
0.01882710
0.02325069
0.02117408
0.02016044
0.01899783
0.02573252
0.02223089
0.02253407
0.02216755
0.02254586
0.02240346
0.02220711
0.01844373
0.02255777
0.02250722
0.02009115
0.02215908
0.02258142
0.02229683
0.02207987
0.02218209
0.02068654
0.02300507
0.02456585
0.01894081
0.02178363
0.02047587
0.02106950
0.02116319
0.02033733
0.02171664
0.02202468
0.02241702
0.02108975
0.02112715
0.02193108
0.01799007
0.01795610
0.02206027
0.02173132
0.02022735
0.02142151
0.02635578
0.02017851
0.02213635
0.02327937
0.02223833
0.02220656
0.01842263
0.02244671
0.02226644
0.02128076
0.02138832
0.02164607
0.02247172
0.02179496
0.02203868
0.02140850
0.02179397
0.01742759
0.01840089
0.01877887
0.01943479
0.02137044
0.02094520
0.02276459
0.02225676
0.02461017
0.02159730
0.02200279
0.02038199
0.02151052
0.02334821
0.02299238
0.02357222
0.02048085
0.01805203
0.02053368
0.02375437
0.02160695
0.02330107
0.02462355
0.01990688
0.02384730
0.02031920
0.02004362
0.02829744
0.02057588
0.00000000
0.00000000
0.00000000
0.00000000
0.00120210
0.02236113
0.02138240
0.02147436
0.01932258
0.02076467
0.02205782
0.02639604
0.02136822
0.02409413
0.00000000
0.00000000
0.00000000
0.00000000
0.00116531
0.01973092
0.01947197
0.02154029
0.01772441
0.02181188
0.01885051
0.02018403
0.01922342
0.02186019
0.02024212
0.02078142
0.02088165
0.02005930
0.02212887
0.01774386
0.02085412
0.01649952
0.02038108
0.02113734
0.01649462
0.02117554
0.01892919
0.01969787
0.01786252
0.02091034
0.01894878
0.02102127
0.01682844
0.02401441
0.01669948
0.02474020
0.01756199
0.02198675
0.01889955
0.02139998
0.01782810
0.02146435
0.02048112
0.02043636
0.01960545
0.02168311
0.01787888
0.02330316
0.01962050
0.01965137
0.01769508
0.01979843
0.02355049
0.01803228
0.02034727
0.02075635
0.02212968
0.02063932
0.02223084
0.02084955
0.02109760
0.02345405
0.02075779
0.02047122
0.00000000
0.00000000
0.00000000
0.00000000
0.00087488
0.02288611
0.01716164
0.01859577
0.01705954
0.01771102
0.02004027
0.01719137
0.01784610
0.02361066
0.01852051
0.02343173
0.01736316
0.01764094
0.01767786
0.02039200
0.01812035
0.01708430
0.01878413
0.01722684
0.01760628
0.01724657
0.01760216
0.01765946
0.01739589
0.01776115
0.01804799
0.01812170
0.01773820
0.01735867
0.01790602
0.01821614
0.03247416
0.02110550
0.01931011
0.01792050
0.01734192
0.01747194
0.01773381
0.01819478
0.01720012
0.01746280
0.01710813
0.02049200
0.01866703
0.01714021
0.01905411
0.01712756
0.01757865
0.01789677
0.01781650
0.01728381
0.01723238
0.01913494
0.01731627
0.01993864
0.01766128
0.01726872
0.02143713
0.01797204
0.01759515
0.01774210
0.01811370
0.01789611
0.01772026
0.01996579
0.01716324
0.01768346
0.01794286
0.01786356
0.01714842
0.01680762
0.01697107
0.01762034
0.01825698
0.01725553
0.01865959
0.01733881
0.01842934
0.02150740
0.02329344
0.02561963
0.01875270
0.02195872
0.01770746
0.02007428
0.01842481
0.01875170
0.01709616
0.01703979
0.01709522
0.01887106
0.01892738
0.01690363
0.02012087
0.01899859
0.01881004
0.01736827
0.01696221
0.01892830
0.01743958
0.01705030
0.01658005
0.01757366
0.00000000
0.00000000
0.00000000
0.00000000
0.00070358
0.01774562
0.01754523
0.01659550
0.01641454
0.01684278
0.01796067
0.01736515
0.01665808
0.01896552
0.01677182
0.01758989
0.01693876
0.01710478
0.01782489
0.01702834
0.01668724
0.01748140
0.01734957
0.01761953
0.01716638
0.01726662
0.01742468
0.01682471
0.01749698
0.01910988
0.01773262
0.01784172
0.01752463
0.01675008
0.01730922
0.01670068
0.02247413
0.01713381
0.01743939
0.01725195
0.01673982
0.01783084
0.01749835
0.01754550
0.01708563
0.01701569
0.01754947
0.02012362
0.01643042
0.01663554
0.01780356
0.01667095
0.01725301
0.01649270
0.01668133
0.01702245
0.01641497
0.01646869
0.01685484
0.01663282
0.01746633
0.01644649
0.01651944
0.01651624
0.01705053
0.01707300
0.01732732
0.01682534
0.01675911
0.01639359
0.01642889
0.01955523
0.01740409
0.01647642
0.01738864
