1
187.33,206.63,45.00,115.00
185.25,206.36,45.00,115.00
182.53,206.76,45.00,115.00
180.75,206.73,45.00,115.00
181.38,205.25,45.00,115.00
178.21,204.32,45.00,115.00
177.20,206.66,45.00,115.00
175.73,206.78,45.00,115.00
179.00,201.16,45.00,115.00
182.58,202.13,45.00,115.00
187.54,198.58,45.00,115.00
189.83,197.43,45.00,115.00
194.06,196.14,45.00,115.00
199.06,195.70,45.00,115.00
194.10,191.45,45.00,115.00
191.09,188.81,45.00,115.00
195.19,195.92,45.00,115.00
191.59,196.84,45.00,115.00
196.45,191.05,45.00,115.00
198.02,196.64,45.00,115.00
196.21,196.28,45.00,115.00
190.43,191.71,45.00,115.00
191.37,190.25,45.00,115.00
197.09,195.25,45.00,115.00
200.51,221.67,45.00,115.00
197.99,224.62,45.00,115.00
200.39,222.83,45.00,115.00
215.09,201.83,45.00,115.00
2
0
0
0
0
1
257.83,223.44,55.00,111.00
259.42,223.68,55.00,111.00
265.44,224.02,55.00,111.00
264.08,227.47,55.00,111.00
266.79,231.85,55.00,111.00
271.97,227.23,55.00,111.00
269.27,226.90,55.00,111.00
273.95,228.66,55.00,111.00
273.71,230.33,55.00,111.00
275.44,216.82,55.00,111.00
274.80,225.46,55.00,111.00
274.53,225.85,55.00,111.00
272.22,226.19,55.00,111.00
276.81,217.68,55.00,111.00
266.86,218.25,55.00,111.00
275.83,223.29,55.00,111.00
267.51,223.09,55.00,111.00
271.05,218.20,55.00,111.00
272.32,216.77,55.00,111.00
273.49,218.43,55.00,111.00
268.60,219.24,55.00,111.00
267.07,215.69,55.00,111.00
270.73,212.69,55.00,111.00
269.32,214.33,55.00,111.00
265.70,215.28,55.00,111.00
270.20,212.80,55.00,111.00
266.04,215.47,55.00,111.00
259.44,214.94,55.00,111.00
255.83,215.03,55.00,111.00
249.56,212.99,55.00,111.00
243.64,216.38,55.00,111.00
240.06,213.88,55.00,111.00
234.86,217.16,55.00,111.00
234.30,220.54,55.00,111.00
234.60,219.59,55.00,111.00
233.88,233.21,55.00,111.00
233.39,224.30,55.00,111.00
231.65,216.84,55.00,111.00
231.96,224.41,55.00,111.00
234.59,237.12,55.00,111.00
240.72,239.10,55.00,111.00
2
0
0
0
0
1
140.62,229.63,71.00,117.00
146.24,227.64,71.00,117.00
142.62,225.23,71.00,117.00
138.57,224.31,71.00,117.00
136.05,222.26,71.00,117.00
133.91,220.18,71.00,117.00
125.76,223.51,71.00,117.00
126.40,222.10,71.00,117.00
123.27,225.79,71.00,117.00
129.11,223.27,71.00,117.00
128.61,224.36,71.00,117.00
123.09,225.84,71.00,117.00
122.30,224.54,71.00,117.00
121.09,226.47,71.00,117.00
123.63,227.13,71.00,117.00
122.97,223.99,71.00,117.00
118.19,217.70,71.00,117.00
129.57,223.92,71.00,117.00
116.26,223.08,71.00,117.00
125.11,223.56,71.00,117.00
121.11,223.14,71.00,117.00
125.36,212.32,71.00,117.00
125.67,219.42,71.00,117.00
124.83,235.31,71.00,117.00
129.08,232.28,71.00,117.00
119.97,220.18,71.00,117.00
120.38,230.36,71.00,117.00
121.00,215.59,71.00,117.00
127.34,210.41,71.00,117.00
139.55,235.03,71.00,117.00
149.72,243.79,71.00,117.00
152.13,242.90,71.00,117.00
157.67,232.42,71.00,117.00
156.88,233.57,71.00,117.00
160.24,238.43,71.00,117.00
155.32,240.59,71.00,117.00
149.34,244.73,71.00,117.00
157.24,241.89,71.00,117.00
153.45,239.24,71.00,117.00
149.35,244.69,71.00,117.00
165.14,242.52,71.00,117.00
145.46,201.94,71.00,117.00
145.57,205.58,71.00,117.00
152.32,210.64,71.00,117.00
156.05,205.91,71.00,117.00
170.56,217.56,71.00,117.00
156.89,199.34,71.00,117.00
152.61,211.64,71.00,117.00
163.80,219.04,71.00,117.00
154.33,216.27,71.00,117.00
155.16,206.45,71.00,117.00
163.54,217.41,71.00,117.00
157.85,219.23,71.00,117.00
157.93,212.39,71.00,117.00
164.14,218.96,71.00,117.00
156.85,213.63,71.00,117.00
159.41,212.99,71.00,117.00
155.91,210.02,71.00,117.00
155.56,214.11,71.00,117.00
162.95,221.67,71.00,117.00
163.09,213.42,71.00,117.00
161.36,214.33,71.00,117.00
164.78,210.59,71.00,117.00
2
0
0
0
0
1
230.54,164.38,43.00,105.00
235.37,166.11,43.00,105.00
239.29,165.53,43.00,105.00
239.28,166.91,43.00,105.00
229.07,165.45,43.00,105.00
237.39,164.76,43.00,105.00
235.28,163.67,43.00,105.00
237.22,163.67,43.00,105.00
238.16,162.89,43.00,105.00
242.88,165.62,43.00,105.00
246.36,167.26,43.00,105.00
249.99,163.13,43.00,105.00
246.00,163.04,43.00,105.00
250.33,169.16,43.00,105.00
244.90,164.96,43.00,105.00
247.97,165.31,43.00,105.00
254.58,170.73,43.00,105.00
242.34,164.06,43.00,105.00
250.10,175.62,43.00,105.00
251.73,162.89,43.00,105.00
246.01,159.83,43.00,105.00
248.63,167.88,43.00,105.00
248.02,169.18,43.00,105.00
257.57,166.65,43.00,105.00
247.16,171.91,43.00,105.00
249.71,160.65,43.00,105.00
251.31,164.77,43.00,105.00
247.83,158.79,43.00,105.00
246.42,160.31,43.00,105.00
246.48,163.56,43.00,105.00
243.19,180.21,43.00,105.00
251.42,161.76,43.00,105.00
247.06,155.06,43.00,105.00
255.49,166.96,43.00,105.00
255.71,169.32,43.00,105.00
247.58,172.90,43.00,105.00
256.06,170.50,43.00,105.00
252.18,159.79,43.00,105.00
256.55,160.37,43.00,105.00
243.28,163.23,43.00,105.00
254.72,179.50,43.00,105.00
255.27,178.70,43.00,105.00
250.40,167.31,43.00,105.00
253.78,158.40,43.00,105.00
248.34,162.53,43.00,105.00
255.88,174.95,43.00,105.00
246.01,150.20,43.00,105.00
247.67,159.29,43.00,105.00
251.93,172.48,43.00,105.00
243.41,160.40,43.00,105.00
253.58,184.03,43.00,105.00
247.06,166.10,43.00,105.00
254.01,173.84,43.00,105.00
247.80,162.94,43.00,105.00
250.75,172.19,43.00,105.00
249.47,170.00,43.00,105.00
254.19,168.21,43.00,105.00
246.86,165.91,43.00,105.00
248.50,166.02,43.00,105.00
248.56,152.10,43.00,105.00
244.58,164.47,43.00,105.00
251.60,158.52,43.00,105.00
252.14,172.98,43.00,105.00
255.71,164.62,43.00,105.00
246.61,156.48,43.00,105.00
242.64,156.88,43.00,105.00
252.32,161.84,43.00,105.00
253.70,163.18,43.00,105.00
248.19,160.83,43.00,105.00
245.36,167.12,43.00,105.00
248.34,160.77,43.00,105.00
254.13,168.80,43.00,105.00
245.85,172.18,43.00,105.00
247.21,163.20,43.00,105.00
246.41,167.49,43.00,105.00
243.23,156.80,43.00,105.00
243.80,157.04,43.00,105.00
242.08,156.56,43.00,105.00
241.81,155.27,43.00,105.00
239.30,158.09,43.00,105.00
235.69,154.39,43.00,105.00
233.84,161.52,43.00,105.00
230.67,163.05,43.00,105.00
228.00,158.54,43.00,105.00
226.39,157.47,43.00,105.00
225.46,152.95,43.00,105.00
225.38,154.14,43.00,105.00
222.16,151.72,43.00,105.00
223.39,154.10,43.00,105.00
219.96,153.52,43.00,105.00
222.29,151.48,43.00,105.00
255.51,164.22,43.00,105.00
257.42,172.46,43.00,105.00
250.50,165.08,43.00,105.00
252.35,162.11,43.00,105.00
243.98,160.28,43.00,105.00
247.14,162.10,43.00,105.00
247.61,161.47,43.00,105.00
244.86,158.76,43.00,105.00
244.05,153.52,43.00,105.00
236.91,155.96,43.00,105.00
238.26,155.56,43.00,105.00
232.89,142.62,43.00,105.00
235.84,148.24,43.00,105.00
232.34,146.62,43.00,105.00
234.07,146.14,43.00,105.00
235.30,144.53,43.00,105.00
229.07,142.83,43.00,105.00
220.26,143.68,43.00,105.00
227.93,138.09,43.00,105.00
201.45,139.06,43.00,105.00
218.24,150.62,43.00,105.00
216.47,145.93,43.00,105.00
215.47,154.03,43.00,105.00
214.77,145.23,43.00,105.00
214.96,150.78,43.00,105.00
212.02,148.18,43.00,105.00
214.73,147.61,43.00,105.00
211.39,144.94,43.00,105.00
210.97,150.40,43.00,105.00
216.29,144.91,43.00,105.00
217.51,144.91,43.00,105.00
214.83,144.42,43.00,105.00
212.32,149.81,43.00,105.00
211.48,147.27,43.00,105.00
215.22,154.97,43.00,105.00
218.95,148.33,43.00,105.00
218.90,145.29,43.00,105.00
215.23,147.66,43.00,105.00
203.96,139.46,43.00,105.00
220.55,139.62,43.00,105.00
212.33,164.30,43.00,105.00
214.12,159.91,43.00,105.00
216.58,156.27,43.00,105.00
218.80,156.19,43.00,105.00
221.00,148.50,43.00,105.00
225.81,152.18,43.00,105.00
2
0
0
0
0
1
183.90,180.90,43.00,135.00
186.99,179.63,43.00,135.00
185.77,182.94,43.00,135.00
186.50,183.45,43.00,135.00
183.93,185.64,43.00,135.00
184.17,186.64,43.00,135.00
182.79,186.12,43.00,135.00
180.89,188.66,43.00,135.00
179.79,188.89,43.00,135.00
178.64,190.27,43.00,135.00
166.73,203.13,43.00,135.00
167.16,190.19,43.00,135.00
163.79,189.90,43.00,135.00
168.84,185.85,43.00,135.00
156.42,175.44,43.00,135.00
162.99,179.17,43.00,135.00
162.25,184.78,43.00,135.00
164.17,177.54,43.00,135.00
161.29,173.57,43.00,135.00
166.53,179.60,43.00,135.00
167.72,170.46,43.00,135.00
162.56,176.12,43.00,135.00
167.98,185.76,43.00,135.00
162.75,184.05,43.00,135.00
163.09,181.07,43.00,135.00
168.92,192.55,43.00,135.00
163.41,186.16,43.00,135.00
162.45,187.94,43.00,135.00
167.79,179.73,43.00,135.00
168.15,187.85,43.00,135.00
165.65,182.31,43.00,135.00
163.76,176.99,43.00,135.00
160.12,183.94,43.00,135.00
164.68,177.11,43.00,135.00
167.33,192.02,43.00,135.00
165.32,178.36,43.00,135.00
167.41,187.39,43.00,135.00
163.80,172.23,43.00,135.00
161.39,185.46,43.00,135.00
163.85,181.41,43.00,135.00
167.87,181.32,43.00,135.00
161.05,188.24,43.00,135.00
167.79,197.65,43.00,135.00
164.75,194.52,43.00,135.00
169.73,179.07,43.00,135.00
162.43,179.50,43.00,135.00
163.96,183.07,43.00,135.00
166.41,186.19,43.00,135.00
163.78,186.75,43.00,135.00
168.72,183.13,43.00,135.00
166.17,176.11,43.00,135.00
166.56,191.06,43.00,135.00
166.41,179.85,43.00,135.00
164.85,178.43,43.00,135.00
167.23,183.92,43.00,135.00
164.85,177.16,43.00,135.00
165.16,175.75,43.00,135.00
169.23,178.11,43.00,135.00
163.28,181.05,43.00,135.00
162.60,172.25,43.00,135.00
159.95,191.03,43.00,135.00
170.72,194.76,43.00,135.00
159.65,196.73,43.00,135.00
164.52,166.89,43.00,135.00
164.38,177.99,43.00,135.00
156.92,179.10,43.00,135.00
165.05,187.83,43.00,135.00
162.62,175.85,43.00,135.00
165.85,177.97,43.00,135.00
164.14,163.44,43.00,135.00
164.88,183.30,43.00,135.00
162.14,185.21,43.00,135.00
157.88,191.29,43.00,135.00
165.36,181.07,43.00,135.00
170.51,179.77,43.00,135.00
165.24,178.67,43.00,135.00
161.37,177.11,43.00,135.00
167.31,186.61,43.00,135.00
167.37,187.87,43.00,135.00
167.93,177.84,43.00,135.00
169.79,185.83,43.00,135.00
169.01,182.02,43.00,135.00
169.47,184.19,43.00,135.00
169.05,192.03,43.00,135.00
167.86,193.75,43.00,135.00
171.20,186.14,43.00,135.00
171.34,185.40,43.00,135.00
172.08,184.07,43.00,135.00
173.05,191.93,43.00,135.00
173.57,192.45,43.00,135.00
173.86,191.30,43.00,135.00
174.14,187.81,43.00,135.00
174.92,185.90,43.00,135.00
175.67,184.92,43.00,135.00
174.63,185.28,43.00,135.00
175.00,188.06,43.00,135.00
174.19,188.83,43.00,135.00
175.01,192.45,43.00,135.00
175.84,188.26,43.00,135.00
173.79,190.70,43.00,135.00
175.65,193.37,43.00,135.00
175.21,191.41,43.00,135.00
175.51,194.49,43.00,135.00
177.13,196.86,43.00,135.00
176.42,193.58,43.00,135.00
177.26,197.22,43.00,135.00
177.95,196.13,43.00,135.00
177.29,192.17,43.00,135.00
175.56,194.17,43.00,135.00
178.80,189.22,43.00,135.00
178.53,196.31,43.00,135.00
179.94,202.45,43.00,135.00
179.75,191.36,43.00,135.00
180.32,192.04,43.00,135.00
180.88,191.81,43.00,135.00
182.46,193.97,43.00,135.00
183.55,190.41,43.00,135.00
184.61,194.02,43.00,135.00
185.45,194.54,43.00,135.00
186.64,190.40,43.00,135.00
187.48,191.74,43.00,135.00
188.38,186.76,43.00,135.00
188.51,189.34,43.00,135.00
189.43,190.03,43.00,135.00
189.61,195.72,43.00,135.00
189.90,186.70,43.00,135.00
190.25,193.00,43.00,135.00
191.04,194.15,43.00,135.00
191.20,193.04,43.00,135.00
191.73,192.81,43.00,135.00
190.69,197.14,43.00,135.00
191.69,195.66,43.00,135.00
193.14,192.50,43.00,135.00
193.58,200.57,43.00,135.00
194.68,190.51,43.00,135.00
194.80,186.74,43.00,135.00
196.37,198.41,43.00,135.00
197.91,197.23,43.00,135.00
199.25,184.61,43.00,135.00
198.12,186.83,43.00,135.00
200.78,188.36,43.00,135.00
203.22,188.99,43.00,135.00
203.84,175.59,43.00,135.00
208.00,180.50,43.00,135.00
202.34,179.92,43.00,135.00
201.49,194.82,43.00,135.00
203.08,181.20,43.00,135.00
200.93,192.28,43.00,135.00
201.93,190.86,43.00,135.00
203.63,190.44,43.00,135.00
201.44,189.01,43.00,135.00
177.26,199.24,43.00,135.00
179.02,197.65,43.00,135.00
178.32,200.76,43.00,135.00
180.29,196.66,43.00,135.00
180.71,202.59,43.00,135.00
181.23,198.45,43.00,135.00
183.43,198.43,43.00,135.00
183.93,199.77,43.00,135.00
187.95,197.73,43.00,135.00
187.14,194.14,43.00,135.00
189.99,201.18,43.00,135.00
195.00,193.72,43.00,135.00
201.72,199.81,43.00,135.00
196.30,194.55,43.00,135.00
205.59,193.78,43.00,135.00
201.04,183.15,43.00,135.00
202.26,196.43,43.00,135.00
206.68,191.83,43.00,135.00
2
0
0
0
0
1
287.59,223.30,45.00,119.00
285.94,226.88,45.00,119.00
288.14,225.72,45.00,119.00
295.97,226.31,45.00,119.00
301.11,225.24,45.00,119.00
302.34,216.43,45.00,119.00
307.43,222.33,45.00,119.00
305.61,216.47,45.00,119.00
2
0
0
0
0
1
389.66,226.15,41.00,111.00
395.54,225.83,41.00,111.00
402.71,223.03,41.00,111.00
405.47,226.17,41.00,111.00
403.34,224.85,41.00,111.00
404.32,224.49,41.00,111.00
402.79,228.29,41.00,111.00
401.11,218.78,41.00,111.00
402.90,229.58,41.00,111.00
400.26,220.73,41.00,111.00
408.57,223.19,41.00,111.00
401.82,221.21,41.00,111.00
402.58,224.07,41.00,111.00
404.46,221.81,41.00,111.00
401.96,221.76,41.00,111.00
400.92,222.45,41.00,111.00
397.97,211.30,41.00,111.00
398.51,219.15,41.00,111.00
395.04,207.62,41.00,111.00
390.43,215.33,41.00,111.00
387.07,210.11,41.00,111.00
384.55,210.93,41.00,111.00
382.49,216.05,41.00,111.00
376.28,211.35,41.00,111.00
377.50,214.76,41.00,111.00
372.57,210.48,41.00,111.00
369.91,219.43,41.00,111.00
368.53,208.06,41.00,111.00
360.43,225.70,41.00,111.00
364.00,226.98,41.00,111.00
354.49,220.73,41.00,111.00
361.88,233.02,41.00,111.00
362.15,226.04,41.00,111.00
364.32,229.17,41.00,111.00
363.07,222.59,41.00,111.00
368.72,221.52,41.00,111.00
358.03,224.28,41.00,111.00
359.94,228.62,41.00,111.00
366.94,222.34,41.00,111.00
365.65,225.34,41.00,111.00
367.36,222.78,41.00,111.00
362.87,223.27,41.00,111.00
370.77,227.92,41.00,111.00
369.00,221.29,41.00,111.00
364.75,230.46,41.00,111.00
365.71,227.58,41.00,111.00
363.04,221.59,41.00,111.00
365.19,212.51,41.00,111.00
361.24,224.81,41.00,111.00
366.26,213.23,41.00,111.00
364.76,233.72,41.00,111.00
363.83,223.23,41.00,111.00
364.96,227.13,41.00,111.00
368.86,224.94,41.00,111.00
365.01,231.62,41.00,111.00
364.39,232.85,41.00,111.00
363.60,233.43,41.00,111.00
370.01,218.67,41.00,111.00
2
0
0
0
0
1
325.50,173.91,47.00,111.00
325.84,173.75,47.00,111.00
324.44,172.46,47.00,111.00
324.68,173.44,47.00,111.00
324.70,172.49,47.00,111.00
322.67,171.96,47.00,111.00
321.95,171.15,47.00,111.00
321.40,167.91,47.00,111.00
319.31,167.25,47.00,111.00
321.59,166.18,47.00,111.00
319.69,165.40,47.00,111.00
318.83,166.49,47.00,111.00
318.00,166.13,47.00,111.00
315.72,167.01,47.00,111.00
315.86,169.69,47.00,111.00
315.12,169.67,47.00,111.00
317.86,169.56,47.00,111.00
319.62,171.46,47.00,111.00
319.31,169.23,47.00,111.00
317.70,171.73,47.00,111.00
316.89,168.42,47.00,111.00
314.59,166.92,47.00,111.00
306.80,163.62,47.00,111.00
307.90,168.00,47.00,111.00
308.29,166.89,47.00,111.00
304.31,169.58,47.00,111.00
307.89,168.53,47.00,111.00
306.83,169.84,47.00,111.00
307.49,175.02,47.00,111.00
306.88,171.55,47.00,111.00
307.78,175.93,47.00,111.00
311.81,176.81,47.00,111.00
309.17,168.62,47.00,111.00
310.87,168.97,47.00,111.00
312.61,167.93,47.00,111.00
313.33,162.71,47.00,111.00
316.97,169.01,47.00,111.00
315.83,166.99,47.00,111.00
311.33,161.26,47.00,111.00
311.37,162.79,47.00,111.00
313.65,162.95,47.00,111.00
307.20,158.27,47.00,111.00
314.78,167.43,47.00,111.00
308.44,162.62,47.00,111.00
313.50,162.72,47.00,111.00
313.79,168.98,47.00,111.00
296.81,162.83,47.00,111.00
312.87,167.78,47.00,111.00
315.05,166.72,47.00,111.00
313.91,158.97,47.00,111.00
313.52,156.94,47.00,111.00
310.83,162.21,47.00,111.00
313.74,155.00,47.00,111.00
310.88,164.99,47.00,111.00
312.70,164.54,47.00,111.00
308.62,165.48,47.00,111.00
316.58,163.58,47.00,111.00
317.81,158.10,47.00,111.00
315.05,160.12,47.00,111.00
320.34,149.58,47.00,111.00
320.53,161.02,47.00,111.00
325.27,156.99,47.00,111.00
329.05,153.04,47.00,111.00
326.34,157.09,47.00,111.00
332.75,159.47,47.00,111.00
329.63,161.03,47.00,111.00
331.85,159.81,47.00,111.00
338.75,158.32,47.00,111.00
335.21,159.64,47.00,111.00
341.30,164.83,47.00,111.00
342.96,162.24,47.00,111.00
344.79,165.68,47.00,111.00
340.76,171.87,47.00,111.00
344.91,169.73,47.00,111.00
349.82,172.36,47.00,111.00
348.83,152.07,47.00,111.00
340.37,157.04,47.00,111.00
314.63,162.34,47.00,111.00
315.16,161.75,47.00,111.00
316.30,161.73,47.00,111.00
322.97,163.98,47.00,111.00
319.29,168.07,47.00,111.00
316.55,166.38,47.00,111.00
312.82,173.13,47.00,111.00
310.80,175.38,47.00,111.00
336.00,166.06,47.00,111.00
337.85,170.13,47.00,111.00
337.02,178.14,47.00,111.00
335.39,183.09,47.00,111.00
332.44,199.55,47.00,111.00
336.15,171.75,47.00,111.00
337.87,175.51,47.00,111.00
339.25,164.99,47.00,111.00
342.56,164.74,47.00,111.00
342.20,161.64,47.00,111.00
343.19,165.18,47.00,111.00
343.64,171.83,47.00,111.00
347.36,167.33,47.00,111.00
344.45,174.65,47.00,111.00
343.17,180.63,47.00,111.00
347.25,181.94,47.00,111.00
346.85,184.14,47.00,111.00
2
0
0
0
0
1
334.29,183.75,43.00,109.00
337.47,180.95,43.00,109.00
342.20,181.73,43.00,109.00
345.53,187.88,43.00,109.00
354.71,197.38,43.00,109.00
330.95,204.27,43.00,109.00
329.17,189.00,43.00,109.00
333.33,189.81,43.00,109.00
333.89,192.44,43.00,109.00
338.40,192.95,43.00,109.00
332.62,196.13,43.00,109.00
333.47,193.61,43.00,109.00
334.78,199.34,43.00,109.00
333.00,199.31,43.00,109.00
336.51,197.82,43.00,109.00
331.91,200.71,43.00,109.00
331.74,200.83,43.00,109.00
338.86,202.58,43.00,109.00
333.74,197.70,43.00,109.00
341.40,203.92,43.00,109.00
335.58,204.50,43.00,109.00
343.12,199.27,43.00,109.00
332.45,161.22,43.00,109.00
339.23,203.64,43.00,109.00
339.88,201.34,43.00,109.00
346.62,200.20,43.00,109.00
343.43,201.79,43.00,109.00
344.00,202.35,43.00,109.00
338.11,204.51,43.00,109.00
343.52,199.75,43.00,109.00
348.33,203.29,43.00,109.00
338.55,197.88,43.00,109.00
339.87,199.35,43.00,109.00
337.91,199.79,43.00,109.00
337.64,200.48,43.00,109.00
349.03,200.50,43.00,109.00
339.75,197.57,43.00,109.00
335.95,196.26,43.00,109.00
341.51,201.61,43.00,109.00
332.55,198.71,43.00,109.00
331.27,200.38,43.00,109.00
330.14,197.44,43.00,109.00
330.74,200.75,43.00,109.00
331.88,197.94,43.00,109.00
348.65,171.07,43.00,109.00
336.14,202.21,43.00,109.00
342.16,201.03,43.00,109.00
331.78,198.05,43.00,109.00
339.32,198.79,43.00,109.00
341.84,200.26,43.00,109.00
336.95,199.83,43.00,109.00
336.05,201.77,43.00,109.00
329.91,198.64,43.00,109.00
340.78,204.14,43.00,109.00
341.12,206.11,43.00,109.00
342.43,202.44,43.00,109.00
336.98,203.33,43.00,109.00
335.17,204.77,43.00,109.00
340.78,201.40,43.00,109.00
334.01,199.59,43.00,109.00
343.89,202.74,43.00,109.00
337.62,199.74,43.00,109.00
337.53,197.30,43.00,109.00
336.82,200.72,43.00,109.00
329.82,197.26,43.00,109.00
335.47,197.54,43.00,109.00
333.60,200.41,43.00,109.00
325.04,196.39,43.00,109.00
324.00,197.51,43.00,109.00
321.39,196.08,43.00,109.00
