0.00094057
0.01410380
0.01187941
0.01134069
0.01330613
0.01242956
0.01145463
0.01199434
0.01197389
0.01283037
0.00000000
0.00000000
0.00000000
0.00000000
0.00058336
0.01412582
0.01842211
0.01152602
0.01117578
0.01251395
0.01105635
0.01167288
0.01079639
0.01098877
0.01093869
0.01154013
0.01464787
0.01244782
0.01143364
0.01130461
0.01251045
0.01058799
0.01326011
0.01446895
0.01161711
0.01191016
0.00000000
0.00000000
0.00000000
0.00000000
0.00052949
0.01249023
0.01404981
0.01305465
0.01293476
0.01264238
0.01256438
0.01305619
0.01240301
0.01211914
0.01242682
0.00000000
0.00000000
0.00000000
0.00000000
0.00059500
0.01231878
0.01280999
0.01080910
0.01108470
0.01203735
0.01207887
0.00000000
0.00000000
0.00000000
0.00000000
0.00068465
0.01250912
0.01517494
0.01549160
0.01186407
0.01429016
0.01170531
0.01150848
0.01218575
0.01114828
0.01278360
0.01499973
0.01515975
0.01289891
0.01319088
0.01124784
0.01470756
0.00000000
0.00000000
0.00000000
0.00000000
0.00086988
0.01506701
0.01351186
0.01285458
0.01827947
0.01451705
0.01710402
0.01579831
0.01597955
0.01509104
0.01880809
0.01488495
0.00000000
0.00000000
0.00000000
0.00000000
0.00054294
0.01413957
0.01235419
0.01372995
0.01632098
0.01372475
0.01229473
0.01121392
0.01126776
0.00000000
0.00000000
0.00000000
0.00000000
0.00070325
0.01368471
0.01462762
0.01356783
0.01178830
0.01288929
0.01541755
0.01824830
0.01483177
0.01562410
0.01641460
0.01674639
0.00000000
0.00000000
0.00000000
0.00000000
0.00064765
0.01168219
0.01738185
0.01250102
0.01555114
0.01557746
0.01901209
0.01379424
0.01262938
0.01182915
0.01119408
0.01174101
0.01375668
0.01315786
0.01276380
0.01245917
0.01201777
0.01095179
0.01224227
0.01173963
0.01285023
0.01174299
0.01172152
0.01377642
0.01261962
0.01368000
0.01222844
0.01209929
0.01145901
0.01424621
0.01302933
0.01159640
0.01160146
0.01244850
0.01542635
0.01522480
0.01164931
0.01593492
0.00000000
0.00000000
