1
76.67,90.51,39.00,53.00
77.42,89.86,39.00,53.00
85.79,92.99,39.00,53.00
89.83,92.50,39.00,53.00
98.27,90.61,39.00,53.00
99.15,92.03,39.00,53.00
97.32,87.05,39.00,53.00
97.73,97.38,39.00,53.00
2
0
0
0
0
1
169.23,98.38,33.00,47.00
170.71,95.55,33.00,47.00
177.32,96.79,33.00,47.00
176.67,95.83,33.00,47.00
181.52,91.81,33.00,47.00
181.41,106.79,33.00,47.00
180.51,103.22,33.00,47.00
192.80,102.51,33.00,47.00
188.94,100.57,33.00,47.00
187.19,101.68,33.00,47.00
185.71,94.80,33.00,47.00
179.37,108.00,33.00,47.00
190.77,93.08,33.00,47.00
176.61,90.82,33.00,47.00
180.30,89.91,33.00,47.00
178.01,93.61,33.00,47.00
173.42,95.43,33.00,47.00
167.53,102.71,33.00,47.00
154.20,94.49,33.00,47.00
148.66,102.38,33.00,47.00
2
0
0
0
0
1
111.09,97.55,41.00,55.00
124.65,107.79,41.00,55.00
124.50,105.35,41.00,55.00
132.08,109.46,41.00,55.00
118.48,96.97,41.00,55.00
124.26,97.76,41.00,55.00
127.04,101.82,41.00,55.00
132.82,100.98,41.00,55.00
130.03,105.99,41.00,55.00
2
0
0
0
0
1
197.71,102.99,35.00,53.00
193.50,103.61,35.00,53.00
185.25,105.01,35.00,53.00
180.97,113.99,35.00,53.00
180.24,102.52,35.00,53.00
2
0
0
0
0
1
93.61,109.34,35.00,51.00
89.80,110.74,35.00,51.00
90.93,113.58,35.00,51.00
90.74,115.84,35.00,51.00
89.01,117.46,35.00,51.00
86.12,116.00,35.00,51.00
88.40,117.79,35.00,51.00
89.69,116.83,35.00,51.00
90.20,117.11,35.00,51.00
91.80,114.67,35.00,51.00
97.07,113.65,35.00,51.00
101.61,108.99,35.00,51.00
110.67,109.35,35.00,51.00
117.02,108.11,35.00,51.00
124.93,111.26,35.00,51.00
2
0
0
0
0
1
203.24,112.93,45.00,59.00
201.12,111.30,45.00,59.00
198.73,111.40,45.00,59.00
195.82,109.53,45.00,59.00
193.87,108.14,45.00,59.00
191.49,111.68,45.00,59.00
190.33,112.10,45.00,59.00
189.52,111.79,45.00,59.00
183.14,108.99,45.00,59.00
179.49,109.33,45.00,59.00
2
0
0
0
0
1
64.32,116.49,37.00,55.00
57.90,115.76,37.00,55.00
55.47,114.34,37.00,55.00
47.55,118.88,37.00,55.00
51.48,116.28,37.00,55.00
49.12,128.29,37.00,55.00
49.26,118.04,37.00,55.00
2
0
0
0
0
1
18.15,138.14,37.00,57.00
25.26,144.04,37.00,57.00
31.54,139.23,37.00,57.00
37.76,132.09,37.00,57.00
27.26,144.92,37.00,57.00
27.78,139.83,37.00,57.00
34.99,133.20,37.00,57.00
32.87,133.67,37.00,57.00
32.24,135.51,37.00,57.00
43.13,127.37,37.00,57.00
2
0
0
0
0
1
102.01,101.81,37.00,55.00
100.85,100.54,37.00,55.00
98.53,102.32,37.00,55.00
92.78,104.20,37.00,55.00
89.92,105.65,37.00,55.00
82.33,102.21,37.00,55.00
80.72,104.62,37.00,55.00
80.64,105.93,37.00,55.00
81.39,105.17,37.00,55.00
78.49,100.64,37.00,55.00
82.12,105.26,37.00,55.00
81.94,101.62,37.00,55.00
81.96,104.99,37.00,55.00
77.95,102.50,37.00,55.00
84.70,101.47,37.00,55.00
91.41,102.93,37.00,55.00
101.08,104.90,37.00,55.00
104.49,99.00,37.00,55.00
114.42,101.86,37.00,55.00
116.85,97.21,37.00,55.00
118.87,108.33,37.00,55.00
116.58,106.22,37.00,55.00
120.24,108.83,37.00,55.00
113.79,114.05,37.00,55.00
115.89,104.09,37.00,55.00
119.76,118.21,37.00,55.00
114.90,108.83,37.00,55.00
112.35,111.06,37.00,55.00
109.66,107.78,37.00,55.00
111.95,101.92,37.00,55.00
112.90,96.90,37.00,55.00
114.79,100.35,37.00,55.00
114.24,96.17,37.00,55.00
128.56,115.16,37.00,55.00
116.30,109.75,37.00,55.00
119.32,115.11,37.00,55.00
2
0
0
