0.00099588
0.00149295
0.00067960
0.00068326
0.00068789
0.00256295
0.00069961
0.00074851
0.00107596
0.00184481
0.00071198
0.00070179
0.00069693
0.00068901
0.00067192
0.00065396
0.00477043
0.00103858
0.00107628
0.00099872
0.00111629
0.00111462
0.00119092
0.00109769
0.00111443
0.00089109
0.00094123
0.00111370
0.00125116
0.00109843
0.00111973
0.00112131
0.00110969
0.00094624
0.00076546
0.00066358
0.00065370
0.00067593
0.00066464
0.00106294
0.00067464
0.00067518
0.00067322
0.00102541
0.00111481
0.00111347
0.00104374
0.00111135
0.00112931
0.00129846
0.00110151
0.00112408
0.00110795
0.00109891
0.00126193
0.00094281
0.00111464
0.00111430
0.00109907
0.00096780
0.00111192
0.00124497
0.00171400
0.00090400
0.00067892
0.00065601
0.00064041
0.00065111
0.00066933
0.00063387
0.00065638
0.00065288
0.00064849
0.00065198
0.00066310
0.00068958
0.00067509
0.00000000
0.00000000
0.00000000
0.00000000
0.00083044
0.00090130
0.00088372
0.00116062
0.00093009
0.00100361
0.00090813
0.00090345
0.00126247
0.00093102
0.00098878
0.00090729
0.00090801
0.00090949
0.00090051
0.00090397
0.00092908
0.00090674
0.00091468
0.00092449
0.00089609
0.00090403
0.00093768
0.00090703
0.00099626
0.00178195
0.00100938
0.00091274
0.00093116
0.00195892
0.00093493
0.00100551
0.00091261
0.00090814
0.00090649
0.00092849
0.00115194
0.00141472
0.00140815
0.00146670
0.00162678
0.00148751
0.00158212
0.00155752
0.00150321
0.00146665
0.00155270
0.00092133
0.00143245
0.00152684
0.00153014
0.00143080
0.00153998
0.00095763
0.00141195
0.00159363
0.00153622
0.00173669
0.00155917
0.00153037
0.00153337
0.00149755
0.00151907
0.00156943
0.00151293
0.00164672
0.00096897
0.00157240
0.00091652
0.00091477
0.00092878
0.00091672
0.00092990
0.00087272
0.00094763
0.00089854
0.00090017
0.00091893
0.00089517
0.00090677
0.00094097
0.00092466
0.00092184
0.00090517
0.00092067
0.00091355
0.00094166
0.00090906
0.00091101
0.00091842
0.00092613
0.00152035
0.00161868
0.00095198
0.00092312
0.00089013
0.00092428
0.00091713
0.00093460
0.00110033
0.00091668
0.00100881
0.00225309
0.00092250
0.00143358
0.00153640
0.00139155
0.00159830
0.00094427
0.00162818
0.00168487
0.00143986
0.00131319
0.00311903
0.00170780
0.00154394
0.00151625
0.00155266
0.00168470
0.00151131
0.00114760
0.00150700
0.00157970
0.00151677
0.00161510
0.00154517
0.00100399
0.00156139
0.00155823
0.00097705
0.00162318
0.00157603
0.00243558
0.00552037
0.00396249
0.00176942
0.00154557
0.00156300
0.01030989
0.00166557
0.00152857
0.00160005
0.00092633
0.00160074
0.00159709
0.00096740
0.00157351
0.00154382
0.00145205
0.00098011
0.00156405
0.00163297
0.00152840
0.00154373
0.00155805
0.00159356
0.00157237
0.00155376
0.00166148
0.00313070
0.00153776
0.00092932
0.00108468
0.00093261
0.00098091
0.00096579
0.00096310
0.00096786
0.00093289
0.00093803
0.00093289
0.00109232
0.00150788
0.00096258
0.00095479
0.00155118
0.00094773
0.00529919
0.00099450
0.00095445
0.00153802
0.00154646
0.00098417
0.00096806
0.00099934
0.00157877
0.00094316
0.00097915
0.00097673
0.00124777
0.00098131
0.00137180
0.00095708
0.00097233
0.00094038
0.00096833
0.00155284
0.00097770
0.00093421
0.00097651
0.00097617
0.00095573
0.00099183
0.00594668
0.00345721
0.00093096
0.00311366
0.00092532
0.00092287
0.00093359
0.00092721
0.01285274
0.00451144
0.00095158
0.00098641
0.00092995
0.00092778
0.00092940
0.00093400
0.00093367
0.00092414
0.00093568
0.00092921
0.00156028
0.00095655
0.00197972
