0.00480620
0.00422463
0.00257275
0.00261357
0.00222142
0.00330599
0.00264459
0.00237227
0.00252079
0.00216232
0.00218745
0.00221331
0.00250179
0.00219301
0.00222894
0.00256557
0.00217524
0.00217446
0.00220505
0.00216041
0.00227746
0.00217899
0.00363308
0.00351896
0.00319029
0.00357982
0.00360293
0.00320900
0.00475087
0.00295775
0.00215628
0.00434996
0.00322529
0.00325357
0.00289071
0.00215051
0.00544754
0.00219654
0.00217102
0.00386161
0.00216760
0.00642377
0.00220475
0.00289498
0.00340222
0.00215479
0.00216818
0.00260019
0.00216874
0.00222051
0.00240193
0.00250591
0.00219189
0.00216378
0.00219058
0.00216283
0.00215226
0.00217310
0.00216744
0.00216098
0.00217115
0.00304787
0.00354953
0.00311196
0.00338846
0.00212852
0.00239904
0.00224041
0.00384543
0.00214749
0.00382364
0.00260430
0.00316194
0.00237709
0.00222242
0.00247688
0.00000000
0.00000000
0.00000000
0.00000000
0.00200632
0.00362370
0.00233564
0.00408970
0.01289544
0.00379643
0.00277945
0.00417242
0.00409550
0.00273564
0.00440733
0.00429937
0.00283729
0.00271821
0.00327006
0.00269076
0.00480442
0.00287720
0.00411523
0.00266723
0.00347434
0.00274682
0.00440556
0.00471830
0.00303413
0.00271254
0.00265779
0.00265012
0.00281149
0.00285021
0.00276734
0.00280566
0.00370651
0.00266855
0.00309152
0.00364909
0.00450200
0.00446000
0.00391645
0.00465493
0.00458622
0.00506503
0.00513080
0.00288044
0.00275682
0.00271721
0.00500852
0.00424067
0.00426606
0.00504446
0.00437517
0.00479144
0.00460773
0.00305081
0.00450758
0.00451882
0.00521872
0.00477861
0.00696715
0.00531346
0.00287644
0.00290467
0.00433589
0.00854854
0.00268745
0.00446787
0.00302557
0.00268673
0.00421391
0.00525794
0.00402635
0.00320799
0.00320375
0.00278887
0.00572229
0.00300977
0.00385772
0.00369121
0.00938331
0.00530475
0.00278819
0.00327489
0.00309218
0.00444256
0.00274732
0.00270937
0.00270385
0.00322259
0.00269998
0.00426252
0.00692468
0.00281341
0.00374594
0.00513118
0.00419247
0.00275852
0.00408919
0.00452768
0.00349716
0.00558830
0.00427841
0.00481296
0.00631494
0.00279435
0.00302764
0.00568546
0.00305328
0.00275263
0.00313390
0.00489711
0.00353164
0.00405565
0.00396683
0.00392063
0.00411913
0.00458401
0.00356118
0.00335153
0.00374369
0.00563397
0.00388320
0.00272129
0.00266405
0.00256254
0.00259044
0.00260237
0.00255579
0.00277443
0.00281022
0.00324589
0.00311187
0.00309677
0.00284078
0.00299895
0.00306045
0.00271554
0.00304612
0.00258155
0.00261633
0.00254927
0.00262215
0.00302741
0.00302500
0.00308306
0.00289801
0.00297223
0.00293621
0.00292601
0.00261025
0.00306546
0.00264946
0.00252886
0.00253340
0.00266986
0.00270268
0.00253452
0.00296772
0.00298864
0.00310147
0.00294202
0.00266167
0.00302704
0.00275850
0.00264635
0.00263484
0.00256467
0.00301329
0.00293966
0.00356519
0.00292054
0.00264403
0.00256546
0.00300776
0.00285719
0.00294763
0.00264943
0.00309941
0.00331667
0.00293169
0.00294513
0.00265720
0.00291113
0.00258510
0.00297015
0.00291274
0.00289555
0.00295196
0.00297316
0.00317514
0.00293090
0.00290153
0.00290574
0.00294104
0.00291594
0.00295132
0.00260077
0.00262647
0.00291018
0.00292727
0.00291189
0.00291997
0.00292004
0.00259706
0.00255583
0.00260950
0.00253435
0.00260614
0.00255769
0.00292119
0.00292986
0.00296167
0.00293336
0.00293978
0.00255647
0.00255762
0.00295192
0.00317839
0.00304515
0.00322751
0.00316376
0.00305922
0.00254366
0.00255366
0.00258482
0.00291445
0.00293956
0.00261734
0.00267374
0.00347572
0.00302990
0.00356934
0.00292740
0.00318109
0.00283165
0.00254497
0.00269647
0.00322372
0.00316655
0.00313541
0.00303196
0.00310958
0.00298566
0.00304538
0.00320751
0.00298874
0.00294712
0.00357372
0.00296808
0.00327317
0.00292950
0.00294419
0.00294426
0.00256281
0.00292383
0.00291755
0.00281801
0.00303061
0.00291156
0.00269585
0.00296954
0.00321537
0.00296313
0.00300092
0.00292282
0.00264982
0.00302181
0.00321100
0.00283771
0.00303628
0.00286322
0.00282679
0.00355440
0.00283749
0.00394096
0.00277944
0.00378038
0.00266943
0.00293757
0.00258718
0.00263436
0.00276989
0.00259449
0.00272138
0.00304462
0.00297926
0.00306801
0.00315582
0.00299459
0.00297270
0.00340762
0.00298744
0.00308616
0.00341387
0.00324973
0.00321454
0.00313714
0.00295950
0.00365400
0.00258265
0.00309424
0.00271404
0.00277169
0.00269608
0.00301608
0.00274062
0.00258392
0.00327550
0.00261945
0.00262949
0.00273229
0.00304975
0.00306256
0.00256863
0.00323345
0.00269976
0.00321413
0.00262318
0.00266055
0.00269033
0.00306471
0.00349461
0.00259645
0.00305971
0.00258141
0.00263832
0.00268321
0.00263738
0.00311973
0.00258046
0.00302943
0.00297099
0.00277024
0.00315838
0.00306341
0.00315548
0.00323572
0.00312499
0.00273007
0.00336571
0.00328430
0.00332525
0.00259276
0.00326052
0.00258529
0.00282402
0.00290994
0.00256734
0.00258727
0.00305490
0.00298255
0.00309076
0.00366416
0.00294998
0.00295326
0.00311390
0.00270468
0.00269997
0.00258426
0.00257506
0.00261317
0.00312091
0.00299927
0.00294552
0.00304842
0.00310686
0.00295592
0.00347214
0.00258336
0.00269080
0.00297047
0.00285786
0.00285291
0.00388455
0.00297096
0.00299985
0.00307043
0.00307701
0.00264680
0.00271741
0.00258942
0.00282996
0.00256611
0.00294042
0.00258340
0.00257815
0.00269246
0.00266044
0.00255237
0.00263153
0.00262902
0.00294081
0.00288546
0.00265736
0.00297453
0.00256528
0.00267827
0.00259880
0.00280342
0.00267746
0.00254776
0.00257598
0.00254498
0.00259931
0.00268422
0.00310499
0.00305167
0.00269146
0.00257089
0.00261569
0.00000000
0.00000000
0.00000000
0.00000000
0.00200426
0.00197628
0.00183983
0.00199442
0.00191804
0.00174979
0.00241713
0.00188346
0.00173876
0.00182180
0.00177296
0.00205988
0.00179710
0.00173452
0.00179886
0.00203118
0.00202077
0.00173049
0.00200953
0.00175988
0.00219359
0.00188894
0.00186124
0.00187394
0.00187973
0.00203532
0.00196878
0.00176516
0.00200438
0.00194835
0.00210109
0.00173181
0.00201535
0.00180157
0.00202524
0.00178413
0.00176733
0.00202134
0.00186706
0.00200000
0.00179108
0.00179117
0.00189142
0.00203384
0.00203491
0.00176554
0.00175226
0.00187331
0.00175608
0.00176168
0.00174881
0.00230337
0.00191148
0.00175768
0.00203361
0.00180876
0.00213510
0.00175954
0.00175756
0.00174035
0.00202684
0.00206733
0.00174001
0.00189113
0.00196221
0.00201327
0.00205812
0.00219910
0.00264747
0.00213028
0.00198860
0.00175727
0.00179802
0.00200747
0.00175565
0.00174179
0.00203552
0.00199077
0.00224402
0.00172729
0.00177303
0.00201054
0.00240438
0.00198085
0.00184678
0.00175266
0.00172441
0.00175007
0.00202173
0.00205366
0.00246173
0.00198928
0.00199115
0.00199752
0.00201971
0.00173935
0.00198373
0.00236786
0.00241664
0.00201211
0.00199319
0.00195331
0.00202113
0.00204630
0.00194029
0.00195505
0.00202300
0.00197867
0.00200619
0.00200376
0.00172953
0.00194650
0.00200424
0.00269004
0.00174482
0.00202637
0.00202266
0.00176314
0.00173384
0.00217538
0.00199561
0.00201234
0.00202102
0.00200108
0.00197239
0.00232974
0.00199206
0.00197737
0.00238037
0.00198339
0.00198509
0.00196009
0.00198177
0.00196623
0.00197845
0.00194983
0.00214937
0.00197877
0.00175426
0.00176473
0.00198838
0.00199123
0.00174363
0.00173825
0.00200220
0.00198919
0.00198460
0.00176341
0.00176482
0.00172882
0.00198456
0.00198466
0.00209129
0.00200670
0.00173925
0.00174949
0.00176016
0.00172316
0.00200219
0.00196666
0.00195627
0.00203966
0.00197014
0.00199876
0.00196573
0.00227691
0.00202390
0.00205380
0.00198629
0.00173212
0.00214639
0.00179130
0.00194894
0.00176981
0.00199706
0.00213045
0.00177053
0.00196313
0.00197745
0.00199676
0.00228664
0.00187493
0.00172526
0.00175956
0.00197157
0.00247704
0.00195394
0.00196021
0.00189223
0.00200627
0.00209411
0.00200605
0.00172400
0.00199540
0.00171724
0.00213310
0.00182791
0.00197231
0.00198266
0.00204164
0.00199165
0.00184537
0.00176567
0.00181623
0.00175009
0.00195342
0.00210558
0.00199862
0.00173874
0.00174151
0.00204792
0.00196795
0.00182419
0.00183770
0.00184321
0.00194816
0.00196864
0.00196382
0.00199373
0.00191096
0.00175084
0.00197650
0.00196486
0.00238995
0.00235213
0.00200064
0.00197102
0.00172820
0.00196186
0.00200470
0.00198422
0.00173874
