0.00184820
0.02781071
0.02590506
0.02449056
0.02385510
0.02623314
0.02527072
0.02500306
0.02457099
0.02854531
0.02396693
0.02495932
0.02401602
0.02535731
0.02449954
0.02454620
0.02362311
0.02425399
0.02451894
0.02429621
0.02491224
0.02439482
0.02466626
0.02849183
0.02469693
0.02567722
0.02426159
0.02538969
0.02740651
0.02722001
0.02668178
0.02700719
0.02694270
0.02771660
0.02734029
0.02632399
0.03102648
0.02812387
0.02895671
0.02859572
0.02615341
0.02611900
0.02550381
0.02871346
0.02616907
0.02609378
0.02549751
0.02521259
0.03202523
0.04043013
0.02218393
0.02590118
0.02468903
0.02514447
0.02470481
0.02738025
0.02863058
0.02651591
0.02561455
0.02929085
0.02682092
0.03123672
0.02605822
0.02482000
0.02657562
0.02401937
0.02684362
0.02263397
0.02522123
0.02643618
0.02196507
0.02462427
0.02356334
0.00000000
0.00000000
0.00000000
0.00000000
0.00078084
0.01605925
0.01588272
0.02016703
0.01580470
0.01586857
0.01596746
0.01580543
0.01582887
0.01580957
0.01605053
0.01681531
0.01529044
0.01585590
0.01452410
0.01549171
0.01695727
0.01542644
0.01572405
0.01581010
0.01575762
0.01241386
0.01623269
0.01548571
0.01737239
0.01578238
0.01573757
0.01577773
0.01698553
0.01787034
0.01507640
0.01526209
0.01517465
0.01572645
0.01578410
0.01538572
0.01498869
0.00000000
0.00000000
0.00000000
0.00000000
0.00073052
0.01507979
0.01670725
0.01534903
0.01538966
0.01546928
0.01607633
0.01527012
0.01636070
0.01608473
0.01559152
0.01542882
0.01596079
0.01449776
0.01686812
0.01758471
0.01608359
0.01638855
0.01683091
0.02071012
0.01624646
0.01624971
0.01660185
0.01551223
0.01669152
0.01582935
0.01639137
0.01524994
0.01577263
0.01569326
0.01575720
0.01517014
0.01563375
0.01574327
0.01551334
0.01526245
0.01638249
0.01547409
0.01545593
0.01585931
0.01610816
0.01473700
0.01647739
0.01706652
0.01630496
0.01709461
0.01601120
0.01623011
0.01676886
0.01432919
0.01589933
0.01554319
0.01536085
0.01532113
0.02214634
0.01747513
0.02170572
0.01622330
0.01653410
0.01499255
0.01515783
0.01557048
0.00000000
0.00000000
0.00000000
0.00000000
0.00090362
0.01636116
0.01623384
0.01635361
0.01710967
0.01684921
0.01651114
0.01562514
0.01655343
0.01654745
0.01735751
0.01618328
0.01574709
0.01666407
0.01606457
0.01660263
0.01632598
0.01641029
0.01669176
0.01665381
0.01682020
0.01666337
0.01834462
0.01662844
0.01648314
0.01685245
0.02089021
0.01667781
0.01550824
0.01652001
0.01664265
0.01724123
0.01575148
0.01650073
0.01678281
0.01577536
0.01656713
0.01716690
0.01712325
0.01568843
0.01634158
0.01632773
0.01618106
0.00000000
0.00000000
0.00000000
0.00000000
0.00075945
0.01995143
0.01630299
0.01856656
0.01794588
0.01914774
0.01780446
0.01718647
0.01772569
0.01986599
0.01588373
0.01737554
0.01741048
0.01787156
0.01842926
0.01879285
0.01779359
0.01979237
0.01780755
0.02081598
0.01762185
0.01760808
0.01757524
0.01791049
0.01589195
0.01759103
0.01762430
0.01759601
0.01773216
0.01705845
0.01943075
0.01724149
0.01871520
0.01753165
0.01762678
0.01731896
0.01879685
0.01802384
0.01911357
0.01764636
0.01748594
0.01695746
0.01671243
0.01847094
0.01784730
0.00000000
0.00000000
0.00000000
0.00000000
0.00084323
0.02018667
0.01920586
0.01969605
0.02241000
0.01970505
0.02407860
0.01966358
0.01991946
0.02002901
0.01971956
0.02014095
0.01874623
0.01976702
0.02023554
0.01908582
0.01996874
0.02073626
0.02167484
0.01995385
0.01936597
0.01990724
0.01981317
0.02107791
0.01970403
0.02218559
0.02082915
0.02209143
0.02036800
0.01986336
