0.00116228
0.00115849
0.00125933
0.00097312
0.00118539
0.00113057
0.00115855
0.00113425
0.00113322
0.00090988
0.00112939
0.00113370
0.00112475
0.00113153
0.00115051
0.00115652
0.00112873
0.00112684
0.00113055
0.00112881
0.00113093
0.00113103
0.00112996
0.00113025
0.00114793
0.00112390
0.00113712
0.00112552
0.00112247
0.00112745
0.00123860
0.00112822
0.00115023
0.00089367
0.00066958
0.00065900
0.00066838
0.00063608
0.00064333
0.00066242
0.00065540
0.00064711
0.00067446
0.00066492
0.00066059
0.00066453
0.00066113
0.00064917
0.00067413
0.00066933
0.00116915
0.00112849
0.00066583
0.00066186
0.00066739
0.00066522
0.00070564
0.00066128
0.00065867
0.00067420
0.00066626
0.00067479
0.00108875
0.00067571
0.00074483
0.00067231
0.00066699
0.00076239
0.00066435
0.00067267
0.00066426
0.00066964
0.00067147
0.00094705
0.00066908
0.00066773
0.00066828
0.00067675
0.00109103
0.00075768
0.00067295
0.00066619
0.00066503
0.00065731
0.00074631
0.00066858
0.00099862
0.00105237
0.00106100
0.00112344
0.00261149
0.00103242
0.00104871
0.00105071
0.00107062
0.00107890
0.00067110
0.00111370
0.00110608
0.00068865
0.00067891
0.00113202
0.00114154
0.00067327
0.00067076
0.00111052
0.00066858
0.00112300
0.00067293
0.00111515
0.00067746
0.00111062
0.00067167
0.00112073
0.00113140
0.00067990
0.00066979
0.00174859
0.00109034
0.00080490
0.00110447
0.00067769
0.00093115
0.00067638
0.00066844
0.00068812
0.00110625
0.00110214
0.00109164
0.00110768
0.00111393
0.00113867
0.00067351
0.00072077
0.00066894
0.00066886
0.00067587
0.00067662
0.00066522
0.00067993
0.00110869
0.00066499
0.00067643
0.00067802
0.00112797
0.00066854
0.00067625
0.00000000
0.00000000
0.00000000
0.00000000
0.00075472
0.00143304
0.00064895
0.00064981
0.00128404
0.00099248
0.00076189
0.00065507
0.00113730
0.00105441
0.00066608
0.00064605
0.00061357
0.00065708
0.00065763
0.00073094
0.00110650
0.00109783
0.00110165
0.00108838
0.00109395
0.00112622
0.00110518
0.00110040
0.00109694
0.00107856
0.00110691
0.00110534
0.00086949
0.00063686
0.00064699
0.00065563
0.00104894
0.00102279
0.00072719
0.00115050
0.00109691
0.00109832
0.00108008
0.00110247
0.00109380
0.00109663
0.00109343
0.00108063
0.00110477
0.00108454
0.00099605
0.00109969
0.00110271
0.00109471
0.00109532
0.00276288
0.00129069
0.00109662
0.00109276
0.00109545
0.00109766
0.00108445
0.00110155
0.00110098
0.00109648
0.00109637
0.00108261
0.00109581
0.00109736
0.00109712
0.00109690
0.00109796
0.00109883
0.00108328
0.00109622
0.00109772
0.00107709
0.00109614
0.00108377
0.00108207
0.00109715
0.00108176
0.00109415
0.00109806
0.00109300
0.00109539
0.00109702
0.00109613
0.00109373
0.00109687
0.00108076
0.00108148
0.00109538
0.00108476
0.00109357
0.00144347
0.00108354
0.00108461
0.00109315
0.00108425
0.00109463
0.00108605
0.00109479
0.00128050
0.00109165
0.00108286
0.00109509
0.00108219
0.00110352
0.00109709
0.00109787
0.00109803
0.00108532
0.00109995
0.00108053
0.00110194
0.00111011
0.00108950
0.00109300
0.00108679
0.00109861
0.00109713
0.00109747
0.00108771
