0.00138195
0.00198012
0.00141807
0.00136008
0.00144738
0.00140765
0.00140526
0.00139763
0.00134963
0.00139706
0.00131979
0.00167588
0.00133953
0.00140130
0.00139358
0.00138506
0.00146289
0.00123123
0.00140515
0.00135087
0.00138934
0.00142504
0.00137651
0.00145819
0.00105292
0.00100948
0.00148331
0.00145254
0.00139912
0.00143287
0.00144774
0.00000000
0.00000000
0.00000000
0.00000000
0.00173721
0.00174897
0.00196031
0.00121499
0.00118683
0.00118377
0.00121549
0.00118909
0.00118620
0.00118665
0.00118956
0.00119135
0.00117954
0.00117740
0.00118961
0.00118838
0.00119045
0.00000000
0.00000000
0.00000000
0.00000000
0.00132538
0.00164024
0.00213726
0.00134132
0.00129361
0.00128803
0.00128213
0.00128685
0.00129071
0.00128386
0.00129023
0.00134361
0.00128833
0.00128966
0.00128481
0.00128571
0.00232857
0.00166078
0.00128760
0.00128942
0.00129234
0.00129031
0.00189602
0.00189247
0.00207596
0.00174888
0.00143606
0.00123084
0.00124082
0.00128271
0.00129796
0.00124884
0.00130278
0.00123694
0.00132794
0.00124290
0.00124857
0.00123786
0.00159133
0.00127318
0.00127997
0.00124674
0.00141349
0.00129840
0.00129558
0.00206851
0.00128254
0.00128451
0.00143751
0.00131561
0.00156154
0.00124390
0.00147174
0.00125282
0.00000000
0.00000000
0.00000000
0.00000000
0.00129107
0.00174722
0.00160094
0.00156781
0.00158340
0.00158791
0.00159183
0.00160814
0.00157982
0.00172797
0.00156417
0.00160802
0.00159263
0.00176529
0.00175240
0.00159077
0.00263110
0.00174293
0.00176960
0.00158846
0.00158061
0.00268563
0.00158746
0.00172360
0.00171657
0.00174963
0.00227095
0.00270862
0.00158629
0.00159835
0.00157350
0.00170408
0.00169816
0.00172809
0.00223985
0.00159819
0.00158092
0.00156086
0.00159754
0.00170388
0.00158514
0.00157754
0.00188603
0.00159518
0.00279965
0.00284322
0.00282738
0.00000000
0.00000000
0.00000000
0.00000000
0.00134053
0.00243156
0.00259110
0.00247238
0.00251682
0.00259862
0.00251059
0.00255545
0.00255072
0.00267972
0.00273367
0.00155654
0.00283266
0.00152588
0.00146123
0.00274705
0.00149891
0.00263788
0.00266888
0.00151386
0.00147732
0.00179185
0.00187602
0.00146166
0.00144972
0.00146167
0.00144991
0.00145831
0.00000000
0.00000000
0.00000000
0.00000000
0.00226741
0.00324084
0.00278189
0.00267226
0.00261968
0.00339199
0.00444001
0.00264383
0.00263382
0.00263262
0.00263232
0.00263383
0.00262740
0.00489855
0.00487766
0.00398463
0.00267279
0.00267571
0.00268666
0.00264071
0.00267243
0.00262928
0.00262935
0.00264394
0.00263650
0.00482716
0.00505724
0.00492689
0.00291802
0.00266032
0.00280939
0.00275550
0.00265918
0.00265424
0.00269790
0.00268169
0.00264116
0.00263237
0.00291431
0.00277125
0.00263717
0.00494440
0.00312555
0.00333066
0.00452887
0.00381228
0.00275795
