1
221.50,87.50,53.00,55.00
221.50,87.50,53.00,55.00
221.50,87.50,53.00,55.00
221.50,87.50,53.00,55.00
220.50,87.50,53.00,55.00
218.50,87.50,53.00,55.00
217.50,87.50,53.00,55.00
216.50,87.50,53.00,55.00
214.50,87.50,53.00,55.00
213.50,87.50,53.00,55.00
211.50,87.50,53.00,55.00
209.50,88.50,53.00,55.00
206.50,88.50,53.00,55.00
202.50,88.50,53.00,55.00
199.50,88.50,53.00,55.00
196.50,88.50,53.00,55.00
193.50,88.50,53.00,55.00
189.50,88.50,53.00,55.00
185.50,88.50,53.00,55.00
180.50,87.50,53.00,55.00
175.50,87.50,53.00,55.00
171.50,87.50,53.00,55.00
166.50,87.50,53.00,55.00
159.50,87.50,53.00,55.00
152.50,88.50,53.00,55.00
144.50,90.50,53.00,55.00
156.50,90.50,53.00,55.00
157.50,89.50,53.00,55.00
157.50,89.50,53.00,55.00
2
0
0
0
0
1
23.50,97.50,91.00,87.00
23.50,97.50,91.00,87.00
23.50,97.50,91.00,87.00
23.50,97.50,91.00,87.00
23.50,97.50,91.00,87.00
23.50,97.50,91.00,87.00
23.50,97.50,91.00,87.00
23.50,97.50,91.00,87.00
23.50,97.50,91.00,87.00
23.50,97.50,91.00,87.00
23.50,97.50,91.00,87.00
23.50,97.50,91.00,87.00
23.50,97.50,91.00,87.00
23.50,97.50,91.00,87.00
23.50,97.50,91.00,87.00
2
0
0
0
0
1
154.50,68.50,67.00,77.00
159.50,64.50,67.00,77.00
162.50,61.50,67.00,77.00
165.50,58.50,67.00,77.00
166.50,53.50,67.00,77.00
172.50,49.50,67.00,77.00
179.50,47.50,67.00,77.00
187.50,45.50,67.00,77.00
194.50,45.50,67.00,77.00
201.50,46.50,67.00,77.00
208.50,48.50,67.00,77.00
214.50,49.50,67.00,77.00
218.50,50.50,67.00,77.00
220.50,51.50,67.00,77.00
222.50,52.50,67.00,77.00
222.50,54.50,67.00,77.00
220.50,55.50,67.00,77.00
216.50,56.50,67.00,77.00
216.50,59.50,67.00,77.00
216.50,63.50,67.00,77.00
216.50,66.50,67.00,77.00
216.50,69.50,67.00,77.00
219.50,72.50,67.00,77.00
219.50,76.50,67.00,77.00
220.50,80.50,67.00,77.00
222.50,84.50,67.00,77.00
223.50,88.50,67.00,77.00
226.50,90.50,67.00,77.00
228.50,94.50,67.00,77.00
229.50,101.50,67.00,77.00
234.50,110.50,67.00,77.00
238.50,117.50,67.00,77.00
241.50,123.50,67.00,77.00
241.50,130.50,67.00,77.00
238.50,135.50,67.00,77.00
235.50,137.50,67.00,77.00
231.50,135.50,67.00,77.00
226.50,131.50,67.00,77.00
223.50,130.50,67.00,77.00
219.50,128.50,67.00,77.00
215.50,122.50,67.00,77.00
211.50,121.50,67.00,77.00
206.50,116.50,67.00,77.00
202.50,115.50,67.00,77.00
197.50,113.50,67.00,77.00
191.50,112.50,67.00,77.00
182.50,109.50,67.00,77.00
181.50,109.50,67.00,77.00
181.50,109.50,67.00,77.00
181.50,109.50,67.00,77.00
181.50,109.50,67.00,77.00
181.50,109.50,67.00,77.00
2
0
0
0
0
1
106.50,71.50,69.00,79.00
107.50,64.50,69.00,79.00
109.50,58.50,69.00,79.00
111.50,54.50,69.00,79.00
113.50,51.50,69.00,79.00
115.50,49.50,69.00,79.00
117.50,48.50,69.00,79.00
118.50,46.50,69.00,79.00
120.50,47.50,69.00,79.00
122.50,47.50,69.00,79.00
123.50,46.50,69.00,79.00
124.50,45.50,69.00,79.00
127.50,44.50,69.00,79.00
129.50,43.50,69.00,79.00
133.50,43.50,69.00,79.00
138.50,43.50,69.00,79.00
141.50,43.50,69.00,79.00
143.50,43.50,69.00,79.00
145.50,43.50,69.00,79.00
148.50,43.50,69.00,79.00
150.50,42.50,69.00,79.00
154.50,42.50,69.00,79.00
156.50,42.50,69.00,79.00
157.50,42.50,69.00,79.00
158.50,43.50,69.00,79.00
159.50,44.50,69.00,79.00
162.50,45.50,69.00,79.00
163.50,45.50,69.00,79.00
164.50,44.50,69.00,79.00
164.50,45.50,69.00,79.00
163.50,48.50,69.00,79.00
162.50,53.50,69.00,79.00
161.50,59.50,69.00,79.00
160.50,64.50,69.00,79.00
157.50,69.50,69.00,79.00
151.50,76.50,69.00,79.00
143.50,83.50,69.00,79.00
131.50,91.50,69.00,79.00
125.50,89.50,69.00,79.00
134.50,64.50,69.00,79.00
135.50,64.50,69.00,79.00
135.50,64.50,69.00,79.00
135.50,64.50,69.00,79.00
135.50,64.50,69.00,79.00
135.50,64.50,69.00,79.00
2
0
0
0
0
1
52.50,150.50,73.00,69.00
49.50,150.50,73.00,69.00
46.50,149.50,73.00,69.00
43.50,148.50,73.00,69.00
39.50,147.50,73.00,69.00
34.50,146.50,73.00,69.00
31.50,146.50,73.00,69.00
28.50,145.50,73.00,69.00
25.50,143.50,73.00,69.00
24.50,137.50,73.00,69.00
10.50,120.50,73.00,69.00
-4.50,121.50,73.00,69.00
-7.50,125.50,73.00,69.00
-6.50,125.50,73.00,69.00
-6.50,125.50,73.00,69.00
-6.50,125.50,73.00,69.00
-6.50,125.50,73.00,69.00
-6.50,125.50,73.00,69.00
-6.50,125.50,73.00,69.00
-6.50,125.50,73.00,69.00
-6.50,125.50,73.00,69.00
-6.50,125.50,73.00,69.00
-6.50,125.50,73.00,69.00
-6.50,125.50,73.00,69.00
-6.50,125.50,73.00,69.00
-6.50,125.50,73.00,69.00
2
0
0
0
0
1
71.50,64.50,91.00,97.00
74.50,67.50,91.00,97.00
76.50,70.50,91.00,97.00
79.50,73.50,91.00,97.00
82.50,76.50,91.00,97.00
84.50,79.50,91.00,97.00
87.50,84.50,91.00,97.00
90.50,89.50,91.00,97.00
96.50,92.50,91.00,97.00
101.50,94.50,91.00,97.00
107.50,97.50,91.00,97.00
113.50,100.50,91.00,97.00
118.50,103.50,91.00,97.00
123.50,103.50,91.00,97.00
131.50,102.50,91.00,97.00
138.50,100.50,91.00,97.00
145.50,97.50,91.00,97.00
151.50,95.50,91.00,97.00
156.50,93.50,91.00,97.00
160.50,92.50,91.00,97.00
164.50,91.50,91.00,97.00
170.50,87.50,91.00,97.00
169.50,93.50,91.00,97.00
176.50,93.50,91.00,97.00
183.50,91.50,91.00,97.00
186.50,91.50,91.00,97.00
189.50,91.50,91.00,97.00
191.50,91.50,91.00,97.00
192.50,91.50,91.00,97.00
194.50,92.50,91.00,97.00
197.50,94.50,91.00,97.00
194.50,92.50,91.00,97.00
194.50,92.50,91.00,97.00
194.50,93.50,91.00,97.00
194.50,93.50,91.00,97.00
195.50,93.50,91.00,97.00
195.50,93.50,91.00,97.00
196.50,93.50,91.00,97.00
196.50,94.50,91.00,97.00
196.50,94.50,91.00,97.00
195.50,93.50,91.00,97.00
195.50,93.50,91.00,97.00
195.50,93.50,91.00,97.00
195.50,93.50,91.00,97.00
195.50,93.50,91.00,97.00
195.50,93.50,91.00,97.00
