0.00062680
0.02480510
0.04521120
0.02159910
0.01678709
0.01700318
0.01846218
0.02619635
0.01875583
0.01575293
0.01327738
0.01432820
0.01365985
0.01347284
0.01388118
0.01738814
0.01452881
0.01571282
0.01353834
0.01354954
0.01311692
0.01391003
0.01709626
0.01751354
0.01319080
0.01299372
0.01337445
0.01525248
0.01307535
0.01319494
0.01296369
0.01290594
0.01266743
0.01289938
0.01357412
0.01363073
0.01302087
0.01629746
0.01504494
0.01489178
0.01690629
0.01432454
0.01396271
0.01395118
0.01447471
0.01506326
0.01428558
0.01406658
0.01548895
0.01564118
0.01617819
0.01600615
0.01540977
0.01517673
0.01502261
0.01545916
0.01482540
0.01345597
0.01854585
0.01307632
0.01423707
0.01321286
0.01481219
0.01303544
0.01308617
0.01389249
0.01257441
0.01268414
0.01446813
0.01299786
0.01358491
0.01326889
0.01307646
0.01352790
0.01344725
0.01405089
0.01305240
0.01398070
0.01379387
0.01308922
0.01299613
0.01303565
0.01311584
0.01390436
0.01462131
0.01427346
0.01424867
0.01600086
0.01307467
0.01379844
0.01415352
0.01627547
0.01318486
0.01294906
0.01791248
0.01292178
0.01324107
0.01341205
0.01426077
0.01425987
0.01322133
0.01468433
0.01400025
0.01417029
0.01478246
0.01440940
0.01318555
0.01410866
0.01340192
0.01391230
0.01318146
0.01345985
0.01309287
0.01403531
0.01464721
0.01293906
0.01276656
0.01291976
0.01428286
0.01453202
0.01432816
0.01610898
0.01672113
0.01507795
0.01337081
0.01786681
0.01430814
0.01414567
0.01405612
0.01716443
0.01364124
0.01471910
0.01388383
0.01514141
0.01365508
0.01521586
0.01458527
0.01410917
0.01356362
0.01441829
0.01287767
0.01398678
0.01392623
0.01476306
0.01381471
0.01375045
0.01296675
0.01280434
0.01346776
0.01394427
0.01341742
0.01397102
0.01437834
0.01488763
0.01446603
0.01414464
0.01445037
0.01475942
0.01406178
0.01427299
0.01647374
0.01441913
0.01462219
0.01450467
0.01469062
0.01651988
0.01369067
0.01473674
0.01405967
0.01338102
0.01355768
0.01338852
0.01445764
0.01385655
0.01372795
0.01355192
0.01392043
0.01309850
0.01389845
0.01373403
0.01396391
0.01422147
0.01374115
0.01419480
0.01364331
0.01305283
0.01256954
0.01286135
0.01356977
0.01278860
0.01393387
0.01375171
0.01354613
0.01282148
0.01287881
0.01414844
0.01886752
0.01447583
0.01443732
0.01407433
0.01283454
0.01371528
0.01381940
0.01376719
0.01388471
0.01409925
0.01371359
0.01434008
0.01289686
0.01405035
0.01305660
0.01280196
0.01258943
0.01248914
0.01362673
0.01392601
0.01285407
0.01372600
0.01291498
0.01314754
0.01304655
0.01396238
0.01389693
0.01520678
0.01365822
0.01345123
0.01381324
0.01482076
0.01329476
0.01295160
0.01286935
0.01350687
0.01614504
0.01330959
0.01272585
0.01284537
0.01265094
0.01267487
0.01364307
0.01590777
0.01390192
0.01301478
0.01399178
0.01684834
0.01815227
0.01776766
0.01678373
0.01608807
0.01470815
0.02023671
0.03642427
0.01921688
0.02584462
0.01840419
0.01640092
0.01639467
0.01675959
0.01514686
0.01710099
0.01666184
0.01690335
0.02022561
0.01970142
0.01711517
0.01965729
0.01658534
0.01690787
0.01631331
0.01957895
0.01712211
0.01665213
0.01659357
0.01769281
0.01641599
0.01862739
0.01689989
0.01572030
0.01965771
0.01819514
0.01904874
0.01481356
0.01578357
0.01568328
0.01391996
0.01345640
0.01314453
0.01425403
0.01321976
0.01348250
0.01399725
0.01353883
0.01374622
0.00000000
0.00000000
0.00000000
0.00000000
0.00054526
0.01427918
0.01278818
0.01188560
0.01150359
0.01361814
0.01316388
0.01280206
0.01386631
0.01799322
0.01386792
0.01283044
0.01356467
0.01379104
0.01248632
0.01215661
0.01149843
0.01185770
0.01281314
0.01617517
0.01275981
0.01349801
0.01648151
0.01419362
0.01611290
0.01313529
0.01496652
0.01287390
0.01258551
0.01253774
0.01761778
0.01562610
0.01285434
0.01477428
0.01601523
0.01429272
0.01530069
0.01596462
0.01402262
0.01229242
0.01220932
0.01304335
0.01302317
0.01212050
0.01270782
0.01162993
0.01176910
0.01367378
0.01276939
0.01195537
0.01318330
0.01378147
0.01351637
0.01320629
0.01536861
0.01688455
0.01344440
0.01340100
0.01309711
0.01772685
0.01845008
0.01460911
0.01471419
0.01462945
0.01625232
0.01570995
0.01393957
0.01422031
0.01376895
0.01492104
0.01684584
0.01185980
0.01288129
0.01385009
0.01414972
0.01429383
0.01366238
0.01501228
0.01416213
0.01351943
0.01409967
0.01357779
0.01267730
0.01204489
0.01469251
0.01186288
0.01306445
0.01283199
0.01162464
0.01161410
0.01340315
0.01232996
0.01231353
0.01221432
0.01273792
0.01339580
0.01410167
0.01366004
0.01407525
0.01397827
0.01553167
0.01435639
0.01614117
0.01388988
0.01271199
0.01212909
0.01240408
0.01654389
0.01468478
0.01288170
0.01207033
0.01275279
0.01248394
0.01296435
0.01295003
0.01163558
0.01213796
0.01359418
0.01451740
0.01323973
0.01500056
0.01441257
0.01385844
0.01577308
0.01373331
0.01333889
0.01489091
0.01251186
0.01204679
0.01414892
0.01207553
0.01321683
0.01248772
0.01158422
0.01199718
0.01191631
0.01348720
0.01255771
0.01309932
0.01346167
0.01496467
0.01504041
0.01642288
0.01531083
0.01941327
0.01529309
0.01529085
0.01361393
0.01299257
0.01342465
0.01376630
0.01301294
0.01194167
0.01282689
0.01220599
0.01218040
0.01219788
0.01270057
0.01257088
0.01200607
0.01387115
0.01222881
0.01277645
0.01194479
0.01187837
0.01177206
0.01210159
0.01296452
0.01557652
0.01451880
0.01402372
0.01507676
0.01416932
0.01275585
0.01212985
0.01283812
0.01201337
0.01200317
0.01219088
0.01213078
0.01283627
0.01191604
0.01788922
0.01298986
0.01211738
0.01243870
0.01310660
0.01281600
0.01283853
0.01288787
0.01316383
0.01373390
0.01480263
0.01312392
0.01325168
0.01294644
0.01352001
0.01333721
0.01327591
0.01208794
0.01177981
0.01316541
0.01362976
0.01551159
0.02735955
0.01358287
0.01514320
0.01454384
0.02098452
0.01319141
0.01167002
0.01185979
0.01150149
0.01239129
0.01285386
0.01192024
0.01209703
0.01427278
0.01313537
0.01188283
0.01153202
0.01358769
0.01233473
0.01187039
0.01185346
0.01379523
0.01247540
0.01198973
0.01177338
0.01204213
0.01213616
0.01247335
0.01200412
0.01626198
0.01575624
0.01433524
0.01257050
0.01247780
0.01319323
0.01182273
0.01279582
0.01143264
0.01282622
0.01242694
0.01329558
0.01210843
0.01188250
0.01276608
0.01152089
0.01156490
0.01282763
0.01282549
0.01289366
0.01184665
0.01363719
0.01238391
0.01330920
0.01356135
0.01268180
0.01171257
0.01306691
0.01204428
0.01188389
0.00000000
0.00000000
0.00000000
0.00000000
0.00078038
0.01668103
0.01944454
0.01567017
0.01577243
0.01582517
0.01671325
0.01607075
0.01714278
0.01573876
0.01670053
0.01583533
0.01576561
0.01914143
0.01625096
0.01603820
0.01608410
0.01612725
0.01701167
0.01654232
0.01916010
0.01597271
0.01601592
0.01817829
0.01655760
0.01694126
0.01995609
0.01555175
0.01575121
0.01629180
0.01673102
0.01678447
0.01579466
0.01732520
