0.00078361
0.00100986
0.00065551
0.00097385
0.00120307
0.00063787
0.00099227
0.00117500
0.00109154
0.00093030
0.00062879
0.00766727
0.00100890
0.00065745
0.00060627
0.00061503
0.00059474
0.00063715
0.00062709
0.00062727
0.00059518
0.00061018
0.00060869
0.00060364
0.00061207
0.00075888
0.00059695
0.00059338
0.00061647
0.00059732
0.00061325
0.00060450
0.00101596
0.00059713
0.00070701
0.00065059
0.00062924
0.00063697
0.00062435
0.00061284
0.00063816
0.00100771
0.00062602
0.00103068
0.00101294
0.00062922
0.00059296
0.00060684
0.00059983
0.00063585
0.00062048
0.00059729
0.00062736
0.00089139
0.00059969
0.00063060
0.00060615
0.00060926
0.00061592
0.00061690
0.00059916
0.00060570
0.00059173
0.00062562
0.00059211
0.00057955
0.00101221
0.00102313
0.00062197
0.00061427
0.00084258
0.00059300
0.00059034
0.00099031
0.00107642
0.00105758
0.00573320
0.00099017
0.00326813
0.00061034
0.00102245
0.00061954
0.00095493
0.00102114
0.00095292
0.00094106
0.00105001
0.00144204
0.00063567
0.00058598
0.00061133
0.00055848
0.00063545
0.00062571
0.00060604
0.00056862
0.00101917
0.00100697
0.00061640
0.00060641
0.00059815
0.00055734
0.00060947
0.00072498
0.00072744
0.00072375
0.00067194
0.00058035
0.00098981
0.00063179
0.00057301
0.00066658
0.00060489
0.00087683
0.01183969
0.00065622
0.00063884
0.00078346
0.00061384
0.00093238
0.00076194
0.00061462
0.00061516
0.00061042
0.00059737
0.00061018
0.00058191
0.00060325
0.00066756
0.00069604
0.00058316
0.00061437
0.00057444
0.00061166
0.00056309
0.00073676
0.00058952
0.00103323
0.00056724
0.00060883
0.00059739
0.00064708
0.00056652
0.00093044
0.00094803
0.00105591
0.00097161
0.00099077
0.00096936
0.00132489
0.00099793
0.00067352
0.00175041
0.00102341
0.00122351
0.00095891
0.00102446
0.00775452
0.00059139
0.00059659
0.00097032
0.00097511
0.00101424
0.00120639
0.00097289
0.00067696
0.00239929
0.00101109
0.00099620
0.00181915
0.00103968
0.00066058
0.00159212
0.00101652
0.00061249
0.00108244
0.00102478
0.00096699
0.00098505
0.00102100
0.00065189
0.00105075
0.00375017
0.00103277
0.00148243
0.00100705
0.00101286
0.00098587
0.00106880
0.00068176
0.00061909
0.00064078
0.00057095
0.00069719
0.00061589
0.00058942
0.00090733
0.00100296
0.00100529
0.00222246
0.00060195
0.00056586
0.00060999
0.00058479
0.00061237
0.00061322
0.00102646
0.00106570
0.00102784
0.00108703
0.00108034
0.00110451
0.00100470
0.00107296
0.00936054
0.00065676
0.00117874
0.00104177
0.00103412
0.00109314
0.00272201
0.00107782
0.00122792
0.00103053
0.00102721
0.00107106
0.00104316
0.00102508
0.00103957
0.00085383
0.00095039
0.00185428
0.00132998
0.00098360
0.00107768
0.00110090
0.00571744
0.00106083
0.00063089
0.00106395
0.00105263
0.00104975
0.00102979
0.00109753
0.00105348
0.00107015
0.00063840
0.00101751
0.00100620
0.00063948
0.00064006
0.00064611
0.00062548
0.00133497
0.00121189
0.00104260
0.00098176
0.00077751
0.00063999
0.00062621
0.00062141
0.00158598
0.00060880
0.00092891
0.00095423
0.00071407
0.00128234
0.00098134
0.00062843
0.00072069
0.00062992
0.00108892
0.00101001
0.00104620
0.00062794
0.00106549
0.00101865
0.00101357
0.00097503
0.00248280
0.00060645
0.00063833
