1
224.76,90.83,45.00,47.00
224.37,90.35,45.00,47.00
224.67,90.06,45.00,47.00
224.75,90.35,45.00,47.00
224.52,90.31,45.00,47.00
224.37,90.99,45.00,47.00
224.50,90.19,45.00,47.00
224.51,90.99,45.00,47.00
223.92,91.26,45.00,47.00
223.65,86.89,45.00,47.00
223.54,88.47,45.00,47.00
223.09,88.60,45.00,47.00
222.15,87.88,45.00,47.00
220.79,88.08,45.00,47.00
220.99,87.16,45.00,47.00
219.60,87.58,45.00,47.00
219.43,87.41,45.00,47.00
219.09,88.37,45.00,47.00
217.54,88.50,45.00,47.00
213.00,88.50,45.00,47.00
207.52,88.73,45.00,47.00
205.56,78.01,45.00,47.00
2
0
0
0
0
1
111.84,91.11,65.00,73.00
116.09,103.34,65.00,73.00
105.54,104.37,65.00,73.00
94.14,100.07,65.00,73.00
99.68,103.15,65.00,73.00
104.14,106.82,65.00,73.00
86.36,98.27,65.00,73.00
88.42,99.60,65.00,73.00
2
0
0
0
0
1
40.59,141.99,67.00,57.00
44.50,140.60,67.00,57.00
49.09,139.07,67.00,57.00
53.77,137.56,67.00,57.00
59.99,138.14,67.00,57.00
59.78,136.69,67.00,57.00
44.60,130.94,67.00,57.00
2
0
0
0
0
1
147.89,80.16,57.00,61.00
150.92,74.95,57.00,61.00
147.45,67.28,57.00,61.00
151.37,70.00,57.00,61.00
151.73,68.94,57.00,61.00
150.83,74.51,57.00,61.00
151.28,65.52,57.00,61.00
155.41,76.87,57.00,61.00
164.30,68.66,57.00,61.00
2
0
0
0
0
1
232.34,58.66,47.00,65.00
233.38,61.06,47.00,65.00
231.92,59.22,47.00,65.00
230.57,57.35,47.00,65.00
230.27,60.86,47.00,65.00
230.03,62.76,47.00,65.00
230.11,62.58,47.00,65.00
230.70,62.82,47.00,65.00
231.46,64.76,47.00,65.00
232.01,69.77,47.00,65.00
230.56,69.35,47.00,65.00
232.89,71.31,47.00,65.00
232.91,72.97,47.00,65.00
236.78,73.34,47.00,65.00
236.33,70.35,47.00,65.00
237.22,82.75,47.00,65.00
239.15,77.47,47.00,65.00
234.50,72.30,47.00,65.00
235.15,76.21,47.00,65.00
235.71,76.99,47.00,65.00
2
0
0
0
0
1
229.06,113.87,55.00,61.00
227.67,110.33,55.00,61.00
226.18,107.14,55.00,61.00
228.41,106.91,55.00,61.00
226.69,108.31,55.00,61.00
223.71,112.09,55.00,61.00
210.70,112.22,55.00,61.00
211.97,126.69,55.00,61.00
2
0
0
0
0
1
120.94,103.49,59.00,75.00
121.59,97.52,59.00,75.00
118.11,92.61,59.00,75.00
118.88,90.14,59.00,75.00
116.37,92.75,59.00,75.00
116.17,83.79,59.00,75.00
120.34,83.90,59.00,75.00
125.98,85.29,59.00,75.00
125.09,86.12,59.00,75.00
132.00,83.56,59.00,75.00
133.64,88.15,59.00,75.00
131.21,89.07,59.00,75.00
139.98,96.54,59.00,75.00
137.03,88.72,59.00,75.00
139.92,95.15,59.00,75.00
137.43,85.75,59.00,75.00
131.87,88.94,59.00,75.00
132.33,86.46,59.00,75.00
136.06,91.53,59.00,75.00
145.27,92.30,59.00,75.00
135.29,85.36,59.00,75.00
132.75,91.85,59.00,75.00
136.37,85.04,59.00,75.00
147.22,89.87,59.00,75.00
143.08,96.54,59.00,75.00
137.32,98.77,59.00,75.00
123.60,107.96,59.00,75.00
126.70,106.56,59.00,75.00
135.11,105.50,59.00,75.00
124.15,108.12,59.00,75.00
126.65,109.03,59.00,75.00
2
0
0
0
0
1
177.12,71.58,45.00,57.00
177.09,76.69,45.00,57.00
174.35,78.21,45.00,57.00
176.58,82.09,45.00,57.00
175.48,92.14,45.00,57.00
178.34,74.59,45.00,57.00
178.92,73.42,45.00,57.00
2
0
0
0
0
1
85.32,146.61,59.00,57.00
83.47,146.98,59.00,57.00
86.39,146.96,59.00,57.00
85.35,147.46,59.00,57.00
84.06,148.04,59.00,57.00
82.89,150.70,59.00,57.00
82.02,150.73,59.00,57.00
79.67,149.65,59.00,57.00
79.89,150.65,59.00,57.00
77.83,151.64,59.00,57.00
76.52,151.77,59.00,57.00
70.68,153.86,59.00,57.00
72.71,152.00,59.00,57.00
69.33,153.94,59.00,57.00
69.69,149.94,59.00,57.00
69.21,150.37,59.00,57.00
74.68,143.95,59.00,57.00
75.61,142.73,59.00,57.00
76.98,140.68,59.00,57.00
79.67,140.43,59.00,57.00
77.49,139.15,59.00,57.00
74.58,141.09,59.00,57.00
74.13,142.99,59.00,57.00
76.65,140.27,59.00,57.00
72.43,137.53,59.00,57.00
70.19,132.70,59.00,57.00
73.16,131.35,59.00,57.00
81.12,131.58,59.00,57.00
80.75,133.03,59.00,57.00
83.16,128.03,59.00,57.00
86.35,131.01,59.00,57.00
87.55,130.74,59.00,57.00
87.18,129.14,59.00,57.00
93.97,128.85,59.00,57.00
88.36,129.53,59.00,57.00
92.64,126.62,59.00,57.00
92.82,128.45,59.00,57.00
92.06,133.14,59.00,57.00
91.15,129.35,59.00,57.00
92.82,131.33,59.00,57.00
93.04,128.47,59.00,57.00
90.03,126.67,59.00,57.00
90.19,130.42,59.00,57.00
89.56,134.75,59.00,57.00
92.76,134.11,59.00,57.00
91.14,135.87,59.00,57.00
92.28,135.49,59.00,57.00
92.09,134.97,59.00,57.00
91.32,137.01,59.00,57.00
91.62,136.69,59.00,57.00
91.92,138.04,59.00,57.00
85.86,139.78,59.00,57.00
2
0
0
0
0
1
182.38,103.25,53.00,61.00
181.91,97.04,53.00,61.00
183.45,97.44,53.00,61.00
196.73,111.42,53.00,61.00
200.67,102.64,53.00,61.00
202.20,102.80,53.00,61.00
197.70,108.16,53.00,61.00
208.98,105.55,53.00,61.00
203.10,103.07,53.00,61.00
199.58,110.43,53.00,61.00
202.00,103.05,53.00,61.00
197.93,110.11,53.00,61.00
199.20,109.07,53.00,61.00
200.10,117.14,53.00,61.00
201.89,114.17,53.00,61.00
198.82,112.96,53.00,61.00
203.86,117.84,53.00,61.00
205.20,109.70,53.00,61.00
195.93,112.16,53.00,61.00
199.91,111.80,53.00,61.00
211.85,115.94,53.00,61.00
194.07,113.25,53.00,61.00
196.35,116.82,53.00,61.00
196.36,123.53,53.00,61.00
190.68,116.52,53.00,61.00
