0.00085447
0.01414223
0.02491389
0.01517624
0.01470145
0.01644975
0.02005196
0.01111060
0.01171881
0.01120597
0.01569949
0.01463237
0.01271502
0.01392706
0.01096842
0.01324342
0.01195878
0.01386180
0.01257926
0.01244807
0.01457770
0.01387132
0.01199751
0.01104059
0.00000000
0.00000000
0.00000000
0.00000000
0.00066278
0.02241616
0.01540657
0.01529246
0.01489053
0.01535480
0.01474350
0.01380693
0.01426192
0.01541796
0.00000000
0.00000000
0.00000000
0.00000000
0.00056581
0.01780898
0.01489657
0.01734285
0.01871242
0.01813280
0.01669065
0.01315664
0.01326684
0.00000000
0.00000000
0.00000000
0.00000000
0.00072950
0.01725222
0.01720697
0.01806797
0.01240829
0.01242884
0.01248145
0.01970203
0.01604457
0.01573219
0.02028864
0.00000000
0.00000000
0.00000000
0.00000000
0.00058162
0.01312670
0.01759592
0.01746727
0.01602822
0.01514113
0.01272929
0.02224691
0.01398849
0.02093282
0.01627096
0.01627880
0.01700187
0.01587987
0.01197626
0.01697158
0.01871515
0.01342897
0.01615891
0.01627939
0.01279791
0.01276353
0.00000000
0.00000000
0.00000000
0.00000000
0.00080976
0.01589003
0.01549964
0.01606764
0.01471789
0.02079658
0.01393055
0.01693987
0.01348148
0.01736842
0.00000000
0.00000000
0.00000000
0.00000000
0.00100065
0.01797080
0.01950682
0.01808368
0.01545837
0.01856931
0.01536358
0.01687413
0.01438034
0.01831351
0.01504082
0.01487818
0.01824863
0.01896448
0.01721609
0.01875641
0.01801278
0.01861744
0.01385230
0.01846016
0.02079257
0.01840572
0.01818054
0.01891384
0.01914428
0.01811749
0.02565704
0.01695397
0.01943107
0.01917453
0.01682821
0.01704065
0.01849076
0.00000000
0.00000000
0.00000000
0.00000000
0.00071618
0.01589358
0.01311420
0.01273682
0.01466788
0.01704605
0.01227708
0.01546382
0.01376866
0.00000000
0.00000000
0.00000000
0.00000000
0.00091183
0.01710680
0.01479154
0.01257131
0.01249437
0.01290132
0.01288919
0.01271690
0.01677838
0.01366299
0.01454359
0.01527049
0.01545209
0.01754266
0.01972999
0.01355231
0.01753772
0.01721430
0.01526571
0.01421888
0.01829138
0.01685652
0.01745191
0.01288970
0.01836653
0.01531134
0.01441513
0.01457443
0.01664599
0.01724798
0.01772741
0.01324976
0.01314311
0.01728358
0.01760303
0.01768269
0.01812337
0.01433940
0.01369932
0.01437933
0.01302161
0.01699228
0.01506271
0.01751582
0.01545813
0.01615920
0.01419514
0.01370672
0.01479261
0.01894954
0.01767231
0.01708964
0.01706468
0.01289886
0.00000000
0.00000000
0.00000000
0.00000000
0.00094352
0.01659798
0.01652172
0.01686576
0.02049596
0.01699509
0.01729517
0.01496761
0.01587326
0.01216711
0.01316341
0.01213581
0.01457839
0.01425338
0.01425773
0.01274419
0.01696544
0.01355778
0.01650885
0.01510619
0.01393569
0.02134654
0.01603762
0.01562192
0.01635765
0.01671128
