0.00260779
0.00220521
0.00198560
0.00218743
0.00279744
0.00226508
0.00223273
0.00227766
0.00242347
0.00223331
0.00211482
0.00241160
0.00217125
0.00216006
0.00240726
0.00237392
0.00241085
0.00240953
0.00235579
0.00237219
0.00248619
0.00241904
0.00242333
0.00242732
0.00244946
0.00242354
0.00256219
0.00170842
0.00155024
0.00148428
0.00148483
0.00150474
0.00150527
0.00146983
0.00152434
0.00153205
0.00150407
0.00155630
0.00158167
0.00149563
0.00149610
0.00265080
0.00263340
0.00150067
0.00208072
0.00150650
0.00157775
0.00195426
0.00169084
0.00150516
0.00251726
0.00166292
0.00156061
0.00154733
0.00178578
0.00149329
0.00153138
0.00150542
0.00153561
0.00158334
0.00156393
0.00162831
0.00241433
0.00247456
0.00255909
0.00258106
0.00257534
0.00153867
0.00258787
0.00254910
0.00193417
0.00264878
0.00278961
0.00275237
0.00168893
0.00158531
0.00177224
0.00155685
0.00155901
0.00251020
0.00263002
0.00243412
0.00160914
0.00156549
0.00268076
0.00275304
0.00278657
0.00256824
0.00286909
0.00433342
0.00283643
0.00271221
0.00162847
0.00309128
0.00259654
0.00244544
0.00240738
0.00342552
0.00162847
0.00284356
0.00279980
0.00264998
0.00271295
0.00186486
0.00280148
0.00151813
0.00149936
0.00254874
0.00272304
0.00273637
0.00244052
0.00273798
0.00238401
0.00270371
0.00243359
0.00149121
0.00260120
0.00485805
0.00259811
0.00263076
0.00260139
0.00265464
0.00211744
0.00257013
0.00152426
0.00154501
0.00166382
0.00151461
0.00165122
0.00166788
0.00200694
0.00159352
0.00152459
0.00149865
0.00148824
0.00155085
0.00192229
0.00240731
0.00238615
0.00235250
0.00239888
0.00211672
0.00240374
0.00234461
0.00240192
0.00173675
0.00150943
0.00150428
0.00147941
0.00242391
0.00243160
0.00241410
0.00240826
0.00240015
0.00241869
0.00242747
0.00242197
0.00244880
0.00246095
0.00248124
0.00246350
0.00252763
0.00245750
0.00247169
0.00249241
0.00250610
0.00247253
0.00252729
0.00253173
0.00251951
0.00253121
0.00253693
0.00270199
0.00253257
0.00252624
0.00250195
0.00250754
0.00250292
0.00249989
0.00251607
0.00262828
0.00250339
0.00240263
0.00261595
0.00252454
0.00252743
0.00253259
0.00253821
0.00250943
0.00254586
0.00253768
0.00253534
0.00255893
0.00248944
0.00251081
0.00251771
0.00250809
0.00251596
0.00251798
0.00203691
0.00251779
0.00250286
0.00251004
0.00250200
0.00222397
0.00248924
0.00249836
0.00247053
0.00263987
0.00207103
0.00242139
0.00224710
0.00226655
0.00244440
0.00275692
0.00217171
0.00243568
0.00312858
0.00206848
0.00246236
0.00252896
0.00206401
0.00245194
0.00257463
0.00226975
0.00250688
0.00250466
0.00251319
0.00251013
0.00254615
0.00252425
0.00249674
0.00247532
0.00206442
0.00282170
0.00242135
0.00212560
0.00204112
0.00247744
0.00206537
0.00287188
0.00226462
0.00255647
0.00217307
0.00224423
0.00173761
0.00231300
0.00254101
0.00206797
0.00250929
0.00250785
0.00205213
0.00206240
0.00250017
0.00249950
0.00249855
0.00250289
0.00249642
0.00250582
0.00251292
0.00251637
0.00207764
0.00210122
0.00218887
0.00199343
0.00247931
0.00228141
0.00206790
0.00268733
0.00204752
0.00245404
0.00209354
0.00244718
0.00233934
0.00245266
0.00224186
0.00244729
0.00229063
0.00210425
0.00206306
0.00265585
0.00207261
0.00232377
0.00249894
0.00206911
0.00252262
0.00209810
0.00285677
0.00221166
0.00206525
0.00211991
0.00249576
0.00206543
0.00254098
0.00206423
0.00239079
0.00220983
0.00241505
0.00249979
0.00237592
0.00683881
0.00317148
0.01551722
0.00360022
0.00177598
0.00150084
0.00173611
0.00000000
0.00000000
0.00000000
0.00000000
0.00257945
0.00348417
0.00290749
0.00453700
0.00406384
0.00448562
0.00358820
0.00308232
0.00384933
0.00416277
0.00416965
0.00428905
0.00422092
0.00000000
0.00000000
0.00000000
0.00000000
0.00214237
0.00246971
0.00221941
0.00220399
0.00254993
0.00221839
0.00216537
0.00220436
0.00219026
0.00219791
0.00223014
0.00217363
0.00247797
0.00260922
0.00384556
0.00249100
0.00238084
0.00219769
0.00235394
0.00221529
0.00218819
0.00265264
0.00240496
0.00249949
0.00250551
0.00219537
0.00241554
0.00218227
0.00243172
0.00266144
0.00267721
0.00306507
0.00247428
0.00266764
0.00249193
0.00334648
0.00377257
0.00237952
0.00243449
0.00251951
0.00220075
0.00230652
0.00258172
0.00223447
0.00249838
0.00218432
0.00256041
0.00221244
0.00249812
0.00271513
0.00246783
0.00249706
0.00252855
0.00219005
0.00282657
0.00256638
0.00257625
0.00221236
0.00240750
0.00219152
0.00269252
0.00252122
0.00232865
0.00248640
0.00252853
0.00249540
0.00224953
0.00227209
0.00305015
0.00261984
0.00251453
0.00254218
