0.00086212
0.00150740
0.00087300
0.00084838
0.00165508
0.00152360
0.00147285
0.00146462
0.00169918
0.00146977
0.00152056
0.00161213
0.00104596
0.00151476
0.00147888
0.00157702
0.00152394
0.00178426
0.00147762
0.00144868
0.00309816
0.00118745
0.01850948
0.01120847
0.00306527
0.00142982
0.00428475
0.00147022
0.00146048
0.00430510
0.00364267
0.00114107
0.00147178
0.00150895
0.00143541
0.00149892
0.00142239
0.00162156
0.00146075
0.00728167
0.00146222
0.00149947
0.00158193
0.00145294
0.00150900
0.00154889
0.00157659
0.00093524
0.00087878
0.00086213
0.00082130
0.00099311
0.00095497
0.00261377
0.00085513
0.00088192
0.00085174
0.00082983
0.00084317
0.00084915
0.00117618
0.00211544
0.00083968
0.00083457
0.00084732
0.00083299
0.00084860
0.00087498
0.00086533
0.00174723
0.00088220
0.00091663
0.00093649
0.00086567
0.00091218
0.00085025
0.00090476
0.00091776
0.00086358
0.00090017
0.00200082
0.00086088
0.00087054
0.00083747
0.00084316
0.00000000
0.00000000
0.00000000
0.00000000
0.00130658
0.00233511
0.00126915
0.00120593
0.00133678
0.00132854
0.00117708
0.00124593
0.00124565
0.00121269
0.00121052
0.00117102
0.00117016
0.00000000
0.00000000
0.00000000
0.00000000
0.00084699
0.00171509
0.00198996
0.00107466
0.00096428
0.00109564
0.00099034
0.00105489
0.00096035
0.00096177
0.00098852
0.00110045
0.00104707
0.00100153
0.00105124
0.00098874
0.00098612
0.00097807
0.00124181
0.00150361
0.00368060
0.00151195
0.00158984
0.00199223
0.00163106
0.00102479
0.00162147
0.00494784
0.00318710
0.00229045
0.00144125
0.00762619
0.00893663
0.00170835
0.00460344
0.00175280
0.00117144
0.00137477
0.00147288
0.00131406
0.00662503
0.00134750
0.00288905
0.00281107
0.00098430
0.00096119
0.00094773
0.00120294
0.00216760
0.00096969
0.00096483
0.00321435
0.00632260
0.00101854
0.00204531
0.00097356
0.00098855
0.00097617
0.00122534
0.00099837
0.00162204
0.00102227
0.00103421
0.00160450
0.00100891
0.00223346
