0.00249410
0.00239662
0.00192273
0.00175736
0.00184227
0.00155622
0.00177788
0.00218819
0.00178474
0.00177254
0.00202968
0.00215322
0.00192894
0.00210811
0.00178203
0.00178845
0.00221319
0.00189279
0.00178576
0.00177080
0.00220106
0.00175386
0.00178370
0.00175028
0.00175410
0.00178146
0.00178123
0.00182540
0.00178011
0.00270640
0.00239334
0.00219951
0.00219949
0.00218698
0.00218659
0.00178849
0.00177944
0.00177435
0.00219510
0.00218873
0.00179105
0.00178717
0.00178685
0.00175894
0.00176222
0.00154016
0.00177186
0.00246016
0.00216223
0.00216462
0.00223058
0.00217937
0.00215730
0.00218047
0.00218085
0.00218839
0.00217951
0.00213812
0.00218670
0.00217148
0.00218797
0.00216422
0.00177631
0.00177538
0.00179550
0.00175479
0.00175545
0.00177366
0.00176518
0.00178165
0.00176994
0.00176584
0.00178132
0.00177669
0.00177926
0.00189717
0.00220099
0.00202622
0.00220982
0.00176866
0.00177340
0.00153559
0.00153873
0.00153987
0.00154990
0.00150314
0.00151122
0.00150271
0.00270512
0.00272013
0.00272887
0.00277540
0.00161902
0.00151315
0.00159795
0.00151755
0.00160181
0.00169972
0.00161023
0.00000000
0.00000000
0.00000000
0.00000000
0.00220142
0.00296100
0.00241913
0.00261679
0.00252418
0.00243580
0.00249164
0.00326430
0.00257722
0.00241729
0.00253106
0.00241586
0.00242371
0.00257338
0.00253304
0.00239903
0.00263045
0.00262882
0.00254246
0.00257354
0.00267111
0.00365606
0.00504722
0.00470644
0.00457724
0.00260300
0.00263201
0.00282855
0.00260461
0.00249896
0.00251644
0.00323878
0.00243756
0.00290299
0.00255481
0.00242547
0.00253807
0.00264797
0.00263951
0.00257887
0.00275743
0.00256410
0.00251017
0.00275607
0.00250280
0.00248577
0.00273466
0.00255357
0.00251781
0.00269954
0.00249813
0.00262011
0.00386069
0.00257688
0.00000000
0.00000000
0.00000000
0.00000000
0.00299673
0.00365210
0.00268711
0.00261085
0.00264717
0.00246394
0.00240323
0.00267065
0.00244841
0.00249650
0.00249343
0.00251347
0.00247298
0.00254299
0.00331717
0.00246932
0.00248611
0.00258457
0.00248374
0.00260369
0.00255030
0.00249496
0.00248618
0.00255467
0.00262573
0.00255924
0.00270435
0.00251522
0.00279678
0.00240807
0.00350144
0.00244481
0.00250633
0.00249957
0.00249863
0.00267612
0.00251168
0.00273313
0.00277645
0.00277325
0.00247782
0.00251055
0.00253656
0.00258943
0.00356404
0.00843961
