1
122.50,15.50,57.00,45.00
124.50,14.50,57.00,45.00
126.50,14.50,57.00,45.00
127.50,13.50,57.00,45.00
127.50,13.50,57.00,45.00
127.50,13.50,57.00,45.00
127.50,13.50,57.00,45.00
127.50,13.50,57.00,45.00
126.50,13.50,57.00,45.00
125.50,13.50,57.00,45.00
124.50,13.50,57.00,45.00
124.50,14.50,57.00,45.00
123.50,14.50,57.00,45.00
123.50,14.50,57.00,45.00
124.50,14.50,57.00,45.00
125.50,14.50,57.00,45.00
126.50,14.50,57.00,45.00
126.50,13.50,57.00,45.00
126.50,13.50,57.00,45.00
126.50,13.50,57.00,45.00
127.50,13.50,57.00,45.00
127.50,13.50,57.00,45.00
128.50,13.50,57.00,45.00
129.50,12.50,57.00,45.00
129.50,11.50,57.00,45.00
129.50,10.50,57.00,45.00
129.50,10.50,57.00,45.00
129.50,9.50,57.00,45.00
129.50,8.50,57.00,45.00
129.50,8.50,57.00,45.00
128.50,8.50,57.00,45.00
128.50,8.50,57.00,45.00
128.50,8.50,57.00,45.00
128.50,8.50,57.00,45.00
128.50,8.50,57.00,45.00
129.50,8.50,57.00,45.00
2
0
0
0
0
1
120.50,60.50,17.00,35.00
120.50,60.50,17.00,35.00
120.50,60.50,17.00,35.00
120.50,60.50,17.00,35.00
120.50,59.50,17.00,35.00
120.50,58.50,17.00,35.00
120.50,58.50,17.00,35.00
119.50,58.50,17.00,35.00
119.50,58.50,17.00,35.00
119.50,57.50,17.00,35.00
2
0
0
0
0
1
94.50,68.50,23.00,35.00
94.50,68.50,23.00,35.00
94.50,68.50,23.00,35.00
94.50,68.50,23.00,35.00
94.50,68.50,23.00,35.00
94.50,68.50,23.00,35.00
94.50,68.50,23.00,35.00
94.50,68.50,23.00,35.00
94.50,68.50,23.00,35.00
94.50,68.50,23.00,35.00
94.50,68.50,23.00,35.00
94.50,68.50,23.00,35.00
94.50,69.50,23.00,35.00
94.50,69.50,23.00,35.00
94.50,69.50,23.00,35.00
95.50,69.50,23.00,35.00
95.50,69.50,23.00,35.00
95.50,69.50,23.00,35.00
95.50,69.50,23.00,35.00
95.50,69.50,23.00,35.00
96.50,69.50,23.00,35.00
97.50,69.50,23.00,35.00
98.50,69.50,23.00,35.00
99.50,68.50,23.00,35.00
100.50,68.50,23.00,35.00
101.50,68.50,23.00,35.00
102.50,68.50,23.00,35.00
102.50,68.50,23.00,35.00
102.50,68.50,23.00,35.00
102.50,69.50,23.00,35.00
102.50,69.50,23.00,35.00
102.50,69.50,23.00,35.00
102.50,69.50,23.00,35.00
103.50,68.50,23.00,35.00
103.50,68.50,23.00,35.00
103.50,68.50,23.00,35.00
103.50,68.50,23.00,35.00
103.50,68.50,23.00,35.00
103.50,68.50,23.00,35.00
102.50,68.50,23.00,35.00
102.50,68.50,23.00,35.00
102.50,68.50,23.00,35.00
102.50,68.50,23.00,35.00
102.50,68.50,23.00,35.00
102.50,67.50,23.00,35.00
103.50,67.50,23.00,35.00
104.50,67.50,23.00,35.00
105.50,67.50,23.00,35.00
106.50,67.50,23.00,35.00
107.50,68.50,23.00,35.00
108.50,68.50,23.00,35.00
109.50,67.50,23.00,35.00
110.50,66.50,23.00,35.00
2
0
0
0
0
1
140.50,75.50,79.00,45.00
139.50,75.50,79.00,45.00
139.50,75.50,79.00,45.00
139.50,75.50,79.00,45.00
139.50,75.50,79.00,45.00
140.50,75.50,79.00,45.00
139.50,74.50,79.00,45.00
139.50,74.50,79.00,45.00
140.50,74.50,79.00,45.00
140.50,74.50,79.00,45.00
140.50,74.50,79.00,45.00
140.50,74.50,79.00,45.00
141.50,74.50,79.00,45.00
142.50,74.50,79.00,45.00
142.50,73.50,79.00,45.00
142.50,73.50,79.00,45.00
142.50,73.50,79.00,45.00
143.50,73.50,79.00,45.00
142.50,74.50,79.00,45.00
142.50,74.50,79.00,45.00
142.50,74.50,79.00,45.00
142.50,74.50,79.00,45.00
143.50,74.50,79.00,45.00
143.50,74.50,79.00,45.00
143.50,74.50,79.00,45.00
143.50,74.50,79.00,45.00
2
0
0
0
0
1
243.50,71.50,71.00,45.00
243.50,71.50,71.00,45.00
243.50,71.50,71.00,45.00
243.50,71.50,71.00,45.00
243.50,71.50,71.00,45.00
243.50,71.50,71.00,45.00
243.50,71.50,71.00,45.00
243.50,71.50,71.00,45.00
243.50,71.50,71.00,45.00
243.50,71.50,71.00,45.00
243.50,71.50,71.00,45.00
244.50,71.50,71.00,45.00
244.50,71.50,71.00,45.00
244.50,71.50,71.00,45.00
244.50,71.50,71.00,45.00
244.50,71.50,71.00,45.00
244.50,70.50,71.00,45.00
244.50,70.50,71.00,45.00
244.50,70.50,71.00,45.00
244.50,70.50,71.00,45.00
244.50,70.50,71.00,45.00
244.50,70.50,71.00,45.00
244.50,70.50,71.00,45.00
243.50,70.50,71.00,45.00
243.50,70.50,71.00,45.00
243.50,71.50,71.00,45.00
243.50,71.50,71.00,45.00
243.50,71.50,71.00,45.00
243.50,71.50,71.00,45.00
243.50,71.50,71.00,45.00
243.50,71.50,71.00,45.00
243.50,71.50,71.00,45.00
243.50,71.50,71.00,45.00
243.50,71.50,71.00,45.00
243.50,71.50,71.00,45.00
243.50,71.50,71.00,45.00
243.50,71.50,71.00,45.00
243.50,71.50,71.00,45.00
242.50,71.50,71.00,45.00
242.50,71.50,71.00,45.00
2
0
0
0
0
1
139.50,56.50,89.00,49.00
140.50,56.50,89.00,49.00
139.50,56.50,89.00,49.00
139.50,56.50,89.00,49.00
140.50,56.50,89.00,49.00
128.50,45.50,89.00,49.00
127.50,46.50,89.00,49.00
127.50,46.50,89.00,49.00
127.50,46.50,89.00,49.00
127.50,46.50,89.00,49.00
127.50,46.50,89.00,49.00
127.50,46.50,89.00,49.00
127.50,46.50,89.00,49.00
127.50,46.50,89.00,49.00
127.50,46.50,89.00,49.00
127.50,46.50,89.00,49.00
127.50,46.50,89.00,49.00
127.50,46.50,89.00,49.00
127.50,46.50,89.00,49.00
127.50,46.50,89.00,49.00
127.50,46.50,89.00,49.00
127.50,46.50,89.00,49.00
127.50,46.50,89.00,49.00
2
0
0
0
0
1
73.50,84.50,37.00,47.00
72.50,85.50,37.00,47.00
73.50,85.50,37.00,47.00
73.50,85.50,37.00,47.00
73.50,85.50,37.00,47.00
73.50,85.50,37.00,47.00
73.50,85.50,37.00,47.00
73.50,85.50,37.00,47.00
73.50,85.50,37.00,47.00
73.50,85.50,37.00,47.00
73.50,85.50,37.00,47.00
73.50,85.50,37.00,47.00
73.50,85.50,37.00,47.00
73.50,85.50,37.00,47.00
73.50,85.50,37.00,47.00
73.50,85.50,37.00,47.00
73.50,85.50,37.00,47.00
73.50,85.50,37.00,47.00
73.50,85.50,37.00,47.00
73.50,85.50,37.00,47.00
73.50,85.50,37.00,47.00
73.50,85.50,37.00,47.00
73.50,85.50,37.00,47.00
2
0
0
0
0
1
39.50,113.50,29.00,53.00
40.50,112.50,29.00,53.00
41.50,112.50,29.00,53.00
41.50,112.50,29.00,53.00
41.50,112.50,29.00,53.00
41.50,112.50,29.00,53.00
41.50,112.50,29.00,53.00
41.50,112.50,29.00,53.00
42.50,112.50,29.00,53.00
43.50,112.50,29.00,53.00
45.50,111.50,29.00,53.00
46.50,111.50,29.00,53.00
47.50,111.50,29.00,53.00
48.50,110.50,29.00,53.00
49.50,109.50,29.00,53.00
51.50,108.50,29.00,53.00
52.50,107.50,29.00,53.00
54.50,106.50,29.00,53.00
55.50,105.50,29.00,53.00
57.50,104.50,29.00,53.00
58.50,103.50,29.00,53.00
59.50,102.50,29.00,53.00
59.50,102.50,29.00,53.00
59.50,102.50,29.00,53.00
59.50,102.50,29.00,53.00
59.50,102.50,29.00,53.00
59.50,102.50,29.00,53.00
59.50,102.50,29.00,53.00
59.50,102.50,29.00,53.00
59.50,102.50,29.00,53.00
59.50,102.50,29.00,53.00
59.50,102.50,29.00,53.00
59.50,102.50,29.00,53.00
59.50,102.50,29.00,53.00
59.50,102.50,29.00,53.00
59.50,102.50,29.00,53.00
59.50,102.50,29.00,53.00
59.50,102.50,29.00,53.00
60.50,102.50,29.00,53.00
60.50,102.50,29.00,53.00
60.50,102.50,29.00,53.00
60.50,102.50,29.00,53.00
60.50,102.50,29.00,53.00
2
0
0
0
0
1
102.50,84.50,101.00,47.00
102.50,84.50,101.00,47.00
102.50,83.50,101.00,47.00
102.50,83.50,101.00,47.00
101.50,83.50,101.00,47.00
102.50,84.50,101.00,47.00
102.50,84.50,101.00,47.00
102.50,84.50,101.00,47.00
102.50,84.50,101.00,47.00
102.50,84.50,101.00,47.00
102.50,85.50,101.00,47.00
102.50,85.50,101.00,47.00
102.50,85.50,101.00,47.00
102.50,85.50,101.00,47.00
102.50,85.50,101.00,47.00
102.50,85.50,101.00,47.00
102.50,85.50,101.00,47.00
103.50,85.50,101.00,47.00
103.50,85.50,101.00,47.00
103.50,85.50,101.00,47.00
103.50,85.50,101.00,47.00
103.50,85.50,101.00,47.00
103.50,85.50,101.00,47.00
103.50,85.50,101.00,47.00
103.50,85.50,101.00,47.00
103.50,85.50,101.00,47.00
103.50,85.50,101.00,47.00
103.50,85.50,101.00,47.00
103.50,85.50,101.00,47.00
103.50,85.50,101.00,47.00
103.50,86.50,101.00,47.00
103.50,86.50,101.00,47.00
103.50,86.50,101.00,47.00
103.50,86.50,101.00,47.00
103.50,86.50,101.00,47.00
103.50,87.50,101.00,47.00
104.50,87.50,101.00,47.00
104.50,87.50,101.00,47.00
103.50,88.50,101.00,47.00
104.50,88.50,101.00,47.00
104.50,88.50,101.00,47.00
104.50,88.50,101.00,47.00
104.50,88.50,101.00,47.00
104.50,88.50,101.00,47.00
104.50,88.50,101.00,47.00
104.50,88.50,101.00,47.00
104.50,88.50,101.00,47.00
104.50,88.50,101.00,47.00
104.50,88.50,101.00,47.00
104.50,88.50,101.00,47.00
104.50,88.50,101.00,47.00
104.50,88.50,101.00,47.00
104.50,88.50,101.00,47.00
104.50,88.50,101.00,47.00
104.50,88.50,101.00,47.00
104.50,87.50,101.00,47.00
104.50,87.50,101.00,47.00
104.50,87.50,101.00,47.00
104.50,88.50,101.00,47.00
105.50,88.50,101.00,47.00
105.50,88.50,101.00,47.00
105.50,88.50,101.00,47.00
105.50,88.50,101.00,47.00
105.50,88.50,101.00,47.00
105.50,88.50,101.00,47.00
105.50,88.50,101.00,47.00
105.50,88.50,101.00,47.00
105.50,88.50,101.00,47.00
106.50,88.50,101.00,47.00
106.50,88.50,101.00,47.00
106.50,88.50,101.00,47.00
106.50,88.50,101.00,47.00
106.50,88.50,101.00,47.00
106.50,88.50,101.00,47.00
106.50,88.50,101.00,47.00
106.50,88.50,101.00,47.00
106.50,88.50,101.00,47.00
106.50,88.50,101.00,47.00
106.50,88.50,101.00,47.00
106.50,88.50,101.00,47.00
2
0
0
0
0
1
81.50,69.50,25.00,47.00
82.50,68.50,25.00,47.00
84.50,68.50,25.00,47.00
86.50,68.50,25.00,47.00
86.50,67.50,25.00,47.00
88.50,68.50,25.00,47.00
88.50,69.50,25.00,47.00
88.50,69.50,25.00,47.00
88.50,68.50,25.00,47.00
88.50,66.50,25.00,47.00
88.50,66.50,25.00,47.00
88.50,66.50,25.00,47.00
88.50,66.50,25.00,47.00
88.50,65.50,25.00,47.00
87.50,63.50,25.00,47.00
87.50,62.50,25.00,47.00
86.50,62.50,25.00,47.00
86.50,62.50,25.00,47.00
86.50,61.50,25.00,47.00
86.50,61.50,25.00,47.00
86.50,61.50,25.00,47.00
86.50,61.50,25.00,47.00
2
0
0
0
0
1
130.50,40.50,83.00,43.00
130.50,40.50,83.00,43.00
128.50,40.50,83.00,43.00
129.50,40.50,83.00,43.00
128.50,40.50,83.00,43.00
128.50,41.50,83.00,43.00
98.50,25.50,83.00,43.00
2
0
0
0
0
1
209.50,36.50,49.00,43.00
213.50,36.50,49.00,43.00
217.50,36.50,49.00,43.00
221.50,35.50,49.00,43.00
221.50,33.50,49.00,43.00
221.50,33.50,49.00,43.00
