0.00092131
0.00101635
0.00073915
0.00072718
0.00072641
0.00072793
0.00073361
0.00073212
0.00073506
0.00076003
0.00064522
0.00114300
0.00063623
0.00073295
0.00074764
0.00082355
0.00076437
0.00072094
0.00071946
0.00073006
0.00074772
0.00083528
0.00073495
0.00068094
0.00063713
0.00063616
0.00073319
0.00073071
0.00073368
0.00072533
0.00072506
0.00073241
0.00072855
0.00073049
0.00073772
0.00073024
0.00072482
0.00073034
0.00000000
0.00000000
0.00000000
0.00000000
0.00075654
0.00059168
0.00051903
0.00048370
0.00050920
0.00051154
0.00051530
0.00051417
0.00051225
0.00051196
0.00051143
0.00051033
0.00000000
0.00000000
0.00000000
0.00000000
0.00056016
0.00055975
0.00055130
0.00054971
0.00055708
0.00054974
0.00055476
0.00055401
0.00054524
0.00055179
0.00054992
0.00054931
0.00054904
0.00055157
0.00055016
0.00055471
0.00055582
0.00054940
0.00054949
0.00055613
0.00055429
0.00055098
0.00055512
0.00055323
0.00055156
0.00054987
0.00055513
0.00054907
0.00055354
0.00055338
0.00054067
0.00055789
0.00055763
0.00055583
0.00055382
0.00055444
0.00052385
0.00055657
0.00055136
0.00055761
0.00055165
0.00054997
0.00055452
0.00055109
0.00054195
0.00053373
0.00054878
0.00054474
0.00054163
0.00056134
0.00053330
0.00054428
0.00055104
0.00054565
0.00082919
0.00000000
0.00000000
0.00000000
0.00000000
0.00118573
0.00135540
0.00112953
0.00123377
0.00110138
0.00110188
0.00111951
0.00110759
0.00109919
0.00109763
0.00111774
0.00109805
0.00110320
0.00113546
0.00111383
0.00112831
0.00113333
0.00113049
0.00112149
0.00170109
0.00113084
0.00110581
0.00110221
0.00113226
0.00112456
0.00123238
0.00112830
0.00241546
0.00000000
0.00000000
0.00000000
0.00000000
0.00089723
0.00102128
0.00102006
0.00102657
0.00102413
0.00102080
0.00101362
0.00098756
0.00121062
0.00098831
0.00099398
0.00124921
0.00100900
0.00100133
0.00102778
0.00102639
0.00101670
0.00101478
0.00139057
0.00102799
0.00101668
0.00102787
0.00103473
0.00104459
0.00102365
0.00102324
0.00164603
0.00165322
0.00169233
0.00163400
0.00164304
0.00167781
0.00172599
0.00170234
0.00164953
0.00161845
0.00105328
0.00165503
0.00164773
0.00168192
0.00172016
0.00178835
0.00000000
0.00000000
0.00000000
0.00000000
0.00199621
0.00190011
0.00128777
0.00097587
0.00114686
0.00095785
0.00097780
0.00096358
0.00096535
0.00097142
0.00097593
0.00099816
0.00097262
0.00097777
0.00097445
0.00098828
0.00098191
0.00149426
0.00157718
0.00097735
0.00152470
0.00161604
0.00160192
0.00169150
0.00096981
0.00000000
0.00000000
0.00000000
0.00000000
0.00081790
0.00083048
0.00084329
0.00084332
0.00083084
0.00132677
0.00101569
0.00133065
0.00136799
0.00134440
0.00139008
0.00715178
0.00135411
0.00138466
0.00136462
0.00133517
0.00130878
0.00130295
0.00142195
0.00219193
0.00138204
0.00081353
0.00131705
0.00134067
0.00130470
0.00000000
0.00000000
0.00000000
0.00000000
0.00109232
0.00076886
0.00134491
0.00128653
0.00077497
0.00076063
0.00076198
0.00075950
0.00075600
0.00075858
0.00076845
0.00075664
0.00076648
0.00075056
0.00075005
0.00076335
0.00076145
0.00075898
0.00075368
0.00127496
0.00078735
0.00077948
0.00079912
0.00275270
0.00979551
0.00075709
0.00550275
0.00121862
0.00119232
0.00213237
0.00077223
0.00076799
0.00130230
0.00125610
0.00076331
0.00076353
0.00943714
0.00076037
0.00075603
0.00075008
0.00076426
0.00076569
0.00076058
0.00076675
0.00076113
0.00000000
0.00000000
0.00000000
0.00000000
0.00161542
0.00197483
0.00414212
0.00345898
0.00185612
0.00150579
0.00205356
0.00147167
0.00147373
0.00144753
0.00264189
0.00160977
0.00148242
0.00141372
0.00149967
0.00144919
0.00166676
0.00258345
0.00254587
0.00202189
0.00266957
0.00254625
0.00255005
0.00262131
0.00251592
0.00267631
0.00313401
0.00283795
0.00234110
0.00235144
0.00316573
0.00234087
0.00185279
0.00240025
0.00296259
0.00236300
0.00276588
0.00300771
0.00254292
0.00254329
0.00253421
0.00262186
0.00169724
0.00254898
0.00253986
0.00255924
0.00254847
0.00255043
0.00255171
0.00254880
0.00254837
0.00255172
0.00255551
0.00255030
0.00254866
0.00254724
0.00255265
0.00254134
0.00254651
0.00255423
0.00254702
0.00254885
0.00255369
0.00252883
0.00254543
0.00254606
0.00254627
0.00254362
0.00255720
0.00255328
0.00254506
0.00263493
0.00254868
0.00254894
0.00255531
0.00255722
0.00254309
0.00255040
0.00204168
0.00203368
0.00203563
0.00203351
0.00000000
0.00000000
0.00000000
0.00000000
0.00072233
0.00064774
0.00064426
0.00063754
0.00070854
0.00064580
0.00059790
0.00064058
0.00064271
0.00064378
0.00063884
0.00063744
0.00063608
0.00079574
0.00077767
0.00078223
0.00078492
0.00078750
0.00078156
0.00077818
0.00093813
0.00078279
0.00064268
0.00064399
0.00000000
0.00000000
0.00000000
0.00000000
0.00131686
0.00167325
0.00177343
0.00182993
0.00162896
0.00163086
0.00200201
0.00162211
0.00162926
0.00000000
0.00000000
0.00000000
0.00000000
0.00087160
0.00101627
0.00092764
0.00099109
0.00097488
0.00079396
0.00079533
