0.00089782
0.01510175
0.01518097
0.01506888
0.01192319
0.01609935
0.01245990
0.01658682
0.01491800
0.01730390
0.01622526
0.01463392
0.01243596
0.01598753
0.01229664
0.01234366
0.01473781
0.01263751
0.01730451
0.01230233
0.01573366
0.01787938
0.01587836
0.01619851
0.01352936
0.01173190
0.01264331
0.01576748
0.01554934
0.00000000
0.00000000
0.00000000
0.00000000
0.00088694
0.01613617
0.01616168
0.01522423
0.01722898
0.01610691
0.01656762
0.01832487
0.01691556
0.01633651
0.01679783
0.01713832
0.00000000
0.00000000
0.00000000
0.00000000
0.00084888
0.01465770
0.01488389
0.01478369
0.01610661
0.01090975
0.01133497
0.01103757
0.01108169
0.01425635
0.01514714
0.01189156
0.00000000
0.00000000
0.00000000
0.00000000
0.00065227
0.01434209
0.01386989
0.01370045
0.01885780
0.00000000
0.00000000
0.00000000
0.00000000
0.00088282
0.01587557
0.01237462
0.01477614
0.01633168
0.01274152
0.01213365
0.01236422
0.01721592
0.01541198
0.01615660
0.01468699
0.01221264
0.01704027
0.01533699
0.00000000
0.00000000
0.00000000
0.00000000
0.00105421
0.01821732
0.02104263
0.01704222
0.01805782
0.01713241
0.01964734
0.02157628
0.01565231
0.00000000
0.00000000
0.00000000
0.00000000
0.00077400
0.01758563
0.01866591
0.01354689
0.01884173
0.01721679
0.01594246
0.01763715
0.01765857
0.01792901
0.01730343
0.01589551
0.01796481
0.01335377
0.01723660
0.01901273
0.01361957
0.01896944
0.01321634
0.01544475
0.01763131
0.01720669
0.01854027
0.00000000
0.00000000
0.00000000
0.00000000
0.00092942
0.01962892
0.01491990
0.01685024
0.01762973
0.01887232
0.01613619
0.01720216
0.01776342
0.01782621
0.01822619
0.01804889
0.01760862
0.00000000
0.00000000
0.00000000
0.00000000
0.00054727
0.01741769
0.01646118
0.02124686
0.01325816
0.01368922
0.01736671
0.01461418
0.01700752
0.01551972
0.01565136
0.01879719
0.01747177
0.01580076
0.01817762
0.01808568
0.01549458
0.00000000
0.00000000
0.00000000
0.00000000
0.00058370
0.01226847
0.01614650
0.02094818
0.01522569
0.01639328
0.01340891
0.01530338
0.01447103
0.01496341
0.01654415
0.01690097
0.01656348
0.01281889
0.01251024
0.01465118
0.01531342
0.01563814
0.01523663
0.01421768
0.01549066
0.01629809
0.01643924
0.01574589
0.01618352
0.02218144
0.00000000
0.00000000
0.00000000
0.00000000
0.00068807
0.01401674
0.01287868
0.01041864
0.01093138
0.01465934
0.01383534
0.01197609
0.01588495
0.01281076
0.01525276
0.00000000
0.00000000
0.00000000
0.00000000
0.00059663
0.01169229
0.01560137
0.01608311
0.01519498
0.01188209
0.01254196
0.01204915
0.01149663
0.01707927
0.01659226
0.01416113
0.01545294
0.02001728
0.01522115
0.01294399
0.01223851
0.01168684
0.01095599
0.01560464
0.01365731
0.01257874
0.01270631
0.01554203
0.01501039
0.01544025
0.01529703
0.01516869
0.00000000
0.00000000
0.00000000
0.00000000
0.00073765
0.01638256
0.01618854
0.01392159
0.01350623
0.01659292
0.01626965
0.01648268
0.01688562
0.00000000
0.00000000
0.00000000
0.00000000
0.00061286
0.01295901
0.01197630
0.01676414
0.01624530
0.01671232
