1
149.72,69.33,49.00,55.00
151.09,69.37,49.00,55.00
149.50,68.22,49.00,55.00
151.29,68.52,49.00,55.00
150.31,68.36,49.00,55.00
149.46,67.67,49.00,55.00
149.80,66.97,49.00,55.00
150.46,67.54,49.00,55.00
150.40,66.46,49.00,55.00
150.74,66.25,49.00,55.00
152.33,65.16,49.00,55.00
151.90,66.38,49.00,55.00
151.22,67.43,49.00,55.00
151.29,67.28,49.00,55.00
151.04,69.05,49.00,55.00
158.71,64.76,49.00,55.00
163.79,57.91,49.00,55.00
166.83,65.17,49.00,55.00
164.94,63.88,49.00,55.00
166.56,69.47,49.00,55.00
174.90,70.84,49.00,55.00
174.41,71.73,49.00,55.00
165.26,70.86,49.00,55.00
171.73,72.21,49.00,55.00
162.51,83.18,49.00,55.00
158.99,80.11,49.00,55.00
158.41,74.26,49.00,55.00
2
0
0
0
0
1
219.61,91.77,57.00,51.00
218.93,91.91,57.00,51.00
218.77,89.68,57.00,51.00
216.33,85.68,57.00,51.00
210.56,87.50,57.00,51.00
207.69,82.21,57.00,51.00
206.15,76.57,57.00,51.00
207.83,84.70,57.00,51.00
203.86,88.76,57.00,51.00
192.04,96.74,57.00,51.00
2
0
0
0
0
1
98.09,38.01,41.00,45.00
94.11,39.19,41.00,45.00
89.15,38.03,41.00,45.00
81.91,42.58,41.00,45.00
85.24,45.75,41.00,45.00
85.90,40.81,41.00,45.00
84.78,37.91,41.00,45.00
87.51,41.72,41.00,45.00
83.30,34.88,41.00,45.00
81.06,36.94,41.00,45.00
2
0
0
0
0
1
94.64,51.84,57.00,77.00
101.28,48.95,57.00,77.00
110.19,59.57,57.00,77.00
2
0
0
0
0
1
211.90,70.96,37.00,71.00
214.09,69.67,37.00,71.00
214.09,70.29,37.00,71.00
212.69,70.89,37.00,71.00
210.98,68.93,37.00,71.00
211.49,71.31,37.00,71.00
209.67,69.18,37.00,71.00
208.15,71.02,37.00,71.00
204.34,68.88,37.00,71.00
199.51,66.67,37.00,71.00
195.04,65.07,37.00,71.00
192.44,73.17,37.00,71.00
195.71,86.67,37.00,71.00
2
0
0
0
0
1
94.66,24.35,69.00,77.00
96.47,25.01,69.00,77.00
98.48,33.10,69.00,77.00
100.36,35.36,69.00,77.00
101.23,34.83,69.00,77.00
98.85,44.02,69.00,77.00
95.05,44.24,69.00,77.00
2
0
0
0
0
1
208.86,86.98,61.00,61.00
212.14,87.02,61.00,61.00
213.31,87.88,61.00,61.00
216.24,88.47,61.00,61.00
215.93,88.91,61.00,61.00
216.87,89.63,61.00,61.00
218.14,91.54,61.00,61.00
219.06,92.55,61.00,61.00
219.59,92.93,61.00,61.00
217.11,89.30,61.00,61.00
215.61,87.06,61.00,61.00
213.96,87.55,61.00,61.00
208.40,87.81,61.00,61.00
202.08,86.42,61.00,61.00
196.35,74.76,61.00,61.00
216.26,90.06,61.00,61.00
208.93,88.52,61.00,61.00
207.77,81.83,61.00,61.00
203.26,77.02,61.00,61.00
186.32,64.39,61.00,61.00
194.09,72.53,61.00,61.00
2
0
0
0
0
1
105.99,50.06,57.00,67.00
95.88,54.04,57.00,67.00
95.06,55.73,57.00,67.00
94.33,57.82,57.00,67.00
96.40,58.81,57.00,67.00
98.38,61.20,57.00,67.00
110.21,60.33,57.00,67.00
120.84,58.20,57.00,67.00
124.53,57.63,57.00,67.00
127.11,58.05,57.00,67.00
123.48,63.68,57.00,67.00
2
0
0
0
0
1
214.11,114.00,61.00,59.00
215.90,115.07,61.00,59.00
216.30,116.17,61.00,59.00
214.76,117.65,61.00,59.00
217.04,118.27,61.00,59.00
219.30,118.08,61.00,59.00
219.79,118.88,61.00,59.00
215.58,115.44,61.00,59.00
214.35,112.53,61.00,59.00
208.18,105.83,61.00,59.00
201.12,103.36,61.00,59.00
199.85,105.50,61.00,59.00
201.00,108.10,61.00,59.00
208.81,110.99,61.00,59.00
208.07,111.23,61.00,59.00
2
0
0
0
0
1
183.53,35.79,51.00,51.00
184.37,40.42,51.00,51.00
192.23,45.76,51.00,51.00
194.95,42.20,51.00,51.00
205.16,39.03,51.00,51.00
207.13,35.75,51.00,51.00
207.06,37.20,51.00,51.00
198.16,41.06,51.00,51.00
204.09,50.30,51.00,51.00
195.36,36.58,51.00,51.00
200.78,42.69,51.00,51.00
193.74,44.56,51.00,51.00
194.83,40.70,51.00,51.00
192.13,41.71,51.00,51.00
193.45,42.22,51.00,51.00
193.28,42.14,51.00,51.00
185.58,41.30,51.00,51.00
182.52,38.60,51.00,51.00
182.91,35.96,51.00,51.00
180.04,34.86,51.00,51.00
174.85,35.92,51.00,51.00
167.86,37.48,51.00,51.00
161.61,35.73,51.00,51.00
163.43,42.00,51.00,51.00
2
0
0
0
0
1
68.99,41.24,39.00,43.00
64.81,41.01,39.00,43.00
63.37,39.13,39.00,43.00
61.06,41.84,39.00,43.00
62.14,53.73,39.00,43.00
67.97,63.09,39.00,43.00
70.17,54.38,39.00,43.00
74.09,58.51,39.00,43.00
85.90,58.03,39.00,43.00
2
0
0
0
0
1
95.15,126.88,43.00,53.00
93.82,126.81,43.00,53.00
92.44,126.43,43.00,53.00
93.01,124.45,43.00,53.00
93.88,126.17,43.00,53.00
95.84,125.96,43.00,53.00
100.41,127.02,43.00,53.00
112.29,127.51,43.00,53.00
121.09,131.78,43.00,53.00
109.83,132.21,43.00,53.00
110.41,129.16,43.00,53.00
112.80,129.48,43.00,53.00
107.21,128.25,43.00,53.00
110.66,129.86,43.00,53.00
107.51,129.73,43.00,53.00
115.64,128.02,43.00,53.00
115.01,124.95,43.00,53.00
115.44,127.82,43.00,53.00
114.20,128.53,43.00,53.00
109.93,124.68,43.00,53.00
114.41,131.51,43.00,53.00
113.04,130.52,43.00,53.00
111.14,126.22,43.00,53.00
113.44,129.21,43.00,53.00
109.10,136.00,43.00,53.00
117.69,128.10,43.00,53.00
2
0
0
0
0
1
151.42,71.35,47.00,63.00
148.75,71.46,47.00,63.00
127.12,75.58,47.00,63.00
134.75,71.37,47.00,63.00
133.83,68.19,47.00,63.00
131.30,75.22,47.00,63.00
125.08,69.11,47.00,63.00
2
0
0
0
0
1
103.62,68.15,51.00,59.00
102.29,68.66,51.00,59.00
102.73,68.13,51.00,59.00
102.38,69.39,51.00,59.00
102.39,70.58,51.00,59.00
