0.00228113
0.00257694
0.00163768
0.00178439
0.00286182
0.00165839
0.00173983
0.00151594
0.00172244
0.00175514
0.00175333
0.00151495
0.00175423
0.00174490
0.00173231
0.00152475
0.00182680
0.00166108
0.00154722
0.00154690
0.00157347
0.00172904
0.00156463
0.00176724
0.00163348
0.00160389
0.00257548
0.00165396
0.00195193
0.00156021
0.00153855
0.00172453
0.00168866
0.00184628
0.00151516
0.00170471
0.00150711
0.00172717
0.00177709
0.00174232
0.00178242
0.00181152
0.00178623
0.00184049
0.00173987
0.00167028
0.00151074
0.00151531
0.00172773
0.00179458
0.00180389
0.00200671
0.00211692
0.00210838
0.00213283
0.00213575
0.00218130
0.00172791
0.00173375
0.00197906
0.00213637
0.00172697
0.00180072
0.00175289
0.00201965
0.00178736
0.00215351
0.00211835
0.00238350
0.00175178
0.00172534
0.00155742
0.00275974
0.00277430
0.00275681
0.00154426
0.00158508
0.00153426
0.00153021
0.00239460
0.00157823
0.00157159
0.00157113
0.00167022
0.00157336
0.00156892
0.00213217
0.00161629
0.00158384
0.00159372
0.00158696
0.00162727
0.00159523
0.00160949
0.00159418
0.00161905
0.00161679
0.00158460
0.00161677
0.00161602
0.00164556
0.00160814
0.00165865
0.00271910
0.00159466
0.00161288
0.00164203
0.00157822
0.00320540
0.00159028
0.00165788
0.00160787
0.00164354
0.00167575
0.00162758
0.00163634
0.00164276
0.00164268
0.00159144
0.00174304
0.00291981
0.00160350
0.00191451
0.00160751
0.00170988
0.00165353
0.00159412
0.00166201
0.00168662
0.00178958
0.00164546
0.00161763
0.00273967
0.00163328
0.00172243
0.00163320
0.00164298
0.00183865
0.00171384
0.00167273
0.00167121
0.00214356
0.00166447
0.00164372
0.00160664
0.00174637
0.00162179
0.00181986
0.00170254
0.00161158
0.00163495
0.00163436
0.00160315
0.00164563
0.00165734
0.00167619
0.00162789
0.00176738
0.00173547
0.00197217
0.00168602
0.00160864
0.00166116
0.00166508
0.00164953
0.00162398
0.00172517
0.00163801
0.00162020
0.00166459
0.00166540
0.00163828
0.00161952
0.00163116
0.00174389
0.00284912
0.00282844
0.00277217
0.00290260
0.00287604
0.00289436
0.00286443
0.00281783
0.00260371
0.00279077
0.00270075
0.00295213
0.00288181
0.00286747
0.00266535
0.00275004
0.00268264
0.00268555
0.00268123
0.00284845
0.00225180
0.00292742
0.00736147
0.00286929
0.00228089
0.00288137
0.00297331
0.00294563
0.00304896
0.00308103
0.00166141
0.00283562
0.00281259
0.00292355
0.00215910
0.00299785
0.00305553
0.00300510
0.00270818
0.00242862
0.00167022
0.00165069
0.00165660
0.00167880
0.00166710
0.00287764
0.00167672
0.00165897
0.00280671
0.00285254
0.00275558
0.00282425
0.00306216
0.00302065
0.00307386
0.00166874
0.00297544
0.00308430
0.00854632
0.00305029
0.00161275
0.00161615
0.00160905
0.00160596
0.00168591
0.00262829
0.00282787
0.00296462
0.00301599
0.00294509
0.00301877
0.00285896
0.00303395
0.00289086
0.00303026
0.00409817
0.00304938
0.00180407
0.00216101
0.00164935
0.00162179
0.00294847
0.00171723
0.00179032
0.00384545
0.00215365
0.00226075
0.00197412
0.00216847
0.00184795
0.00191252
0.00212856
0.00166529
0.00196841
0.00166787
0.00220999
0.00161572
0.00167976
0.00232850
0.00160909
0.00229710
0.00170216
0.00179513
0.00165356
0.00263283
0.00180453
0.00188840
0.00166637
0.00238029
0.00231749
0.00160753
0.01020772
0.00209822
0.00308584
0.00173313
0.00365216
0.00310484
0.00272021
0.00255932
0.00169890
0.00162372
0.00163343
0.00254331
0.00157240
0.00159265
0.00274292
0.00159294
0.00163097
0.00159704
0.00160029
0.00222363
0.00183618
0.00188999
0.00160304
0.00219303
0.00202225
0.00226944
0.00164027
0.00176326
0.00175262
0.00175409
0.00220421
0.00178130
0.00174032
0.00180492
0.00174551
0.00175491
0.00207072
0.00172557
0.00191845
0.00200785
0.00177251
0.00177758
0.00224240
0.00201294
0.00175481
0.00175416
0.00210588
0.00175485
0.00260038
0.00226021
0.00156897
0.00187836
0.00157576
0.00159184
0.00160549
0.00269186
0.00172217
0.00161450
0.00167092
0.00228089
0.00158171
0.00184180
0.00184762
0.00168633
0.00185753
0.00183006
0.00151145
0.00178790
0.00163429
0.00186463
0.00174418
0.00174746
0.00175523
0.00177881
0.00177529
0.00177422
0.00175067
0.00177225
0.00174563
0.00174570
0.00188395
0.00199475
0.00175449
0.00189931
0.00177776
