0.00091163
0.02126500
0.02366267
0.01603619
0.01582336
0.01632267
0.01580913
0.01921650
0.01641304
0.01807622
0.01516021
0.01537752
0.01549862
0.01600859
0.01604488
0.01601513
0.01665890
0.01644510
0.01603095
0.01553245
0.01549614
0.01656605
0.01653464
0.01741598
0.01584074
0.01861117
0.01698602
0.01915200
0.01756151
0.02028701
0.01894313
0.02187199
0.01918454
0.01906443
0.01879084
0.01902712
0.02029502
0.01978286
0.01976677
0.02236137
0.01719320
0.01965200
0.02173568
0.01774352
0.02198397
0.01684199
0.02048486
0.01816629
0.02018800
0.02847423
0.01865544
0.02132797
0.01991935
0.02005103
0.02081871
0.02004135
0.01823649
0.02031246
0.02088817
0.02038537
0.02135624
0.01783253
0.02124287
0.02192267
0.01990361
0.02047917
0.01838304
0.02454236
0.02225002
0.02171781
0.02168175
0.01880958
0.01731774
0.01609272
0.02143151
0.01975330
0.02153372
0.01579141
0.01945089
0.01844494
0.01885084
0.02157719
0.01814206
0.01855117
0.02034709
0.01775996
0.01844759
0.01526131
0.02266174
0.02187231
0.01745213
0.01790515
0.01979850
0.01844839
0.01949459
0.01966806
0.01878934
0.01728673
0.01998617
0.01612992
0.02045659
0.02194655
0.01571187
0.01954796
0.01766138
0.02085917
0.02151130
0.02419478
0.01759787
0.01825754
0.01652092
0.01727824
0.01718543
0.01903006
0.01985132
0.02241921
0.01996580
0.01809183
0.01856622
0.01917825
0.02019783
0.01624859
0.01819514
0.02104820
0.02094723
0.01931840
0.01734262
0.01976595
0.02052325
0.01655760
0.02224757
0.01927191
0.01762719
0.01754850
0.02072225
0.02078159
0.02043589
0.01915781
0.01809525
0.01793362
0.01911528
0.01922785
0.02183935
0.01886841
0.01961956
0.02018713
0.01983736
0.01592840
0.01796323
0.01740616
0.02184401
0.02042271
0.01621541
0.01963576
0.02154399
0.01781688
0.02005654
0.01611726
0.01900597
0.01978111
0.01924506
0.02032785
0.01912321
0.02117456
0.02030440
0.01916417
0.01739011
0.01946312
0.02013895
0.01546749
0.02569092
0.01931601
0.01698895
0.01955822
0.01971179
0.02218075
0.02005308
0.02350800
0.02080457
0.02054146
0.01982598
0.02047195
0.02007813
0.01666224
0.01948016
0.02002735
0.01728253
0.01696996
0.01803669
0.02392039
0.01953477
0.01991255
0.01925083
0.02011307
0.02242802
0.02023253
0.01969473
0.02028206
0.02043666
0.02056324
0.02013887
0.01976053
0.01719654
0.02034790
0.01909766
0.01788283
0.01936981
0.02404279
0.01590464
0.01875157
0.01982618
0.01968875
0.01665124
0.02024208
0.02029880
0.02175413
0.01846285
0.01921212
0.01919295
0.02047476
0.01857036
0.01924527
0.01967269
0.01997518
0.02038747
0.01970481
0.01536910
0.02374785
0.01973771
0.01904265
0.02009686
0.01984558
0.01662668
0.02058272
0.02076578
0.02119579
0.02133413
0.01747096
0.01937225
0.01892833
0.02062138
0.01988051
0.01922144
0.02018098
0.02026815
0.01861894
0.02533087
0.02048748
0.02104302
0.01784024
0.02112481
0.01802870
0.02240205
0.02279198
0.01986781
0.02337811
0.02515449
0.02095801
0.02272283
0.01922614
0.02011408
0.01674289
0.01568983
0.01617888
0.01558598
0.01592940
0.01556414
0.01783373
0.01516618
0.01569201
0.01583004
0.01605365
0.01543426
0.01962954
0.02096455
0.01807401
0.01681489
0.01561807
0.01600348
0.01754632
0.01823404
0.01527715
0.01582756
0.01551696
0.01790874
0.01537677
0.02008972
0.01922643
0.01555061
0.01599405
0.01585763
0.01561310
0.01958781
0.01540222
0.01684256
0.01538473
0.01868183
0.01530842
0.01601649
0.02027094
0.01535411
0.01802922
0.01822053
0.01986270
0.01987818
0.01954677
0.02009558
0.01979845
0.02057642
0.01576065
0.01583470
0.01628753
0.01598942
0.01557760
0.01601639
0.01583497
0.01625343
0.02370152
0.01634317
0.01645833
0.01591606
0.01595929
0.01825867
0.01596538
0.02033589
0.01991757
0.01595315
0.01548063
0.01555436
0.01653699
0.01862179
0.01558148
0.01567468
0.01557611
0.01559543
0.01648466
0.01562991
0.01883795
0.01534744
0.01556758
0.01625805
0.02033375
0.02082416
0.01629393
0.01975358
0.01605982
0.01560290
0.01623524
0.01580325
0.01550736
0.01633928
0.01575782
0.01596827
0.01550072
0.01529373
0.01533659
0.01550401
0.01733036
0.01690334
0.01643016
0.01593494
0.01516414
0.01571144
0.01630628
0.01549492
0.01803499
0.01507049
0.02262032
0.01586022
0.01542472
0.02000426
