0.00116329
0.02229728
0.02518845
0.02957321
0.02266474
0.02552765
0.02301821
0.02284687
0.02487417
0.02229250
0.02322550
0.02599898
0.02360332
0.02451123
0.02203912
0.02261628
0.02870381
0.02491554
0.02376193
0.02368976
0.02313052
0.02717971
0.02900458
0.02592274
0.02888141
0.02654862
0.02618391
0.02691291
0.02563641
0.02637195
0.02582639
0.02539298
0.02574700
0.02750522
0.02844253
0.02609282
0.02703835
0.02676030
0.02602913
0.02726681
0.02554107
0.03127075
0.03091045
0.02743410
0.02747642
0.02263986
0.02353862
0.02308873
0.02358529
0.00000000
0.00000000
0.00000000
0.00000000
0.00077247
0.01910659
0.02052862
0.02049146
0.01932341
0.02053468
0.02315464
0.02067000
0.01997700
0.02057197
0.01932962
0.02086033
0.01941094
0.01940999
0.01985111
0.02149473
0.01998119
0.02004738
0.01967209
0.02022970
0.02470078
0.02112043
0.02005469
0.01893473
0.01934774
0.02007998
0.01961900
0.01865024
0.01920266
0.01825617
0.01778235
0.02038515
0.02234083
0.01913502
0.02448197
0.02044725
0.02491825
0.02748703
0.01889527
0.01834902
0.02012428
0.01873374
0.02275640
0.02154590
0.02215369
0.02661871
0.01825834
0.01997515
0.01978587
0.01652805
0.01621370
0.01644577
0.01737220
0.01753020
0.01671782
0.01664150
0.01659480
0.01665387
0.01654704
0.01657410
0.01739224
0.01690345
0.01662935
0.01665962
0.01750071
0.01661605
0.01643554
0.01710260
0.01667324
0.01663102
0.01686453
0.02110305
0.01704522
0.01714996
0.01667261
0.02642967
0.02023471
0.01768272
0.02093172
0.01760727
0.01787890
0.01714689
0.01691849
0.01791441
0.01796099
0.01655872
0.02103421
0.01694802
0.01742792
0.01659253
0.01724092
0.01664005
0.01705588
0.02146812
0.01754147
0.01959266
0.02071414
0.02093380
0.01751836
0.02143686
0.01896554
0.01883054
0.01694585
0.01676004
0.01663560
0.01880899
0.01794394
0.01726592
0.01708399
0.02579381
0.01844706
0.01776311
0.01665934
0.01659344
0.01773879
0.01891391
0.02147809
0.01728219
0.01770467
0.01698951
0.02038387
0.01903548
0.01987770
0.01935621
0.01918571
0.01692810
0.01989085
0.02416711
0.01808399
0.02343688
0.01845110
0.01772710
0.01641164
0.01766132
0.01935354
0.01710725
0.01709201
0.01664212
0.02041423
0.01644914
0.01659305
0.01831685
0.01666737
0.02183170
0.01672428
0.01799422
0.01907605
0.01664121
0.01711850
0.01651316
0.01771087
0.01674315
0.02095390
0.01927563
0.01846180
0.01808027
0.01767498
0.01672430
0.01701165
0.01639041
0.01734988
0.01718340
0.01722728
0.01680308
0.01723976
0.01643519
0.01994058
0.01993113
0.00000000
0.00000000
0.00000000
0.00000000
0.00135425
0.02746277
0.02652168
0.02919134
0.03056033
0.02836824
0.02775788
0.03111746
0.02694417
0.02768041
0.02687433
0.02650124
0.02663680
0.02635420
0.02600157
0.02524198
0.02559564
0.02640470
0.02648301
0.02649532
0.02994939
0.03076784
0.02841258
0.02717009
0.02742245
0.02659153
0.02905528
0.02605047
0.03266700
0.02706120
0.02660070
0.02670674
0.02574005
0.03139885
0.02971390
0.02750412
0.02721793
0.02898755
0.02610632
0.02667441
0.02711058
0.02907890
0.02902552
0.03396033
0.02883498
0.03186265
0.02907097
0.02622853
0.02595739
0.02879247
0.02980670
0.02730707
0.02759368
0.02558741
0.02716783
0.02879021
0.03009974
0.03015461
0.02983485
0.02880405
0.02812132
0.02625654
0.03781919
0.02823941
0.02881585
0.03012843
0.03260024
0.02992335
0.02940450
0.02707607
0.03038148
0.02651386
0.03135635
0.03322304
0.02913674
0.02910241
0.03207545
0.03023141
0.02918674
0.02590128
0.03153447
0.02747294
0.02622888
0.03163562
0.02943057
0.02763058
0.02729991
0.02699724
0.02859603
0.03074142
0.02699433
0.03249137
0.02831396
0.02772937
0.02655716
0.02745656
0.02832528
0.02893915
0.02630213
0.03465702
0.02926360
0.02669524
0.02714038
0.02896193
0.02740619
0.02731308
0.02657014
0.03044095
0.02615795
0.02946494
0.02990368
0.03072638
0.03021375
0.02728307
0.02610080
0.02805924
0.03073027
0.03465545
0.03108893
0.02815690
0.02900859
0.03064571
0.02734279
0.03131048
0.02970471
0.02688391
0.02937708
0.02733890
0.03895235
0.02806914
0.02588304
0.02666451
0.03088981
0.03501489
0.02621600
0.02651077
0.02928113
0.02772643
0.03415316
0.02808380
0.03161606
0.02585668
0.02704632
0.03152262
0.02659848
0.02922206
0.03312943
0.03009216
0.02813942
0.02749931
0.02640890
0.03535716
0.03170569
0.02730398
0.03770848
0.02900653
0.03088917
0.02803314
0.02608702
0.03025438
0.03218525
0.02654179
0.04029319
0.02999855
0.02575863
0.02829926
0.02723962
0.03549023
0.04586863
0.03897707
0.03034361
0.02560987
0.03415640
0.02862062
0.02753215
0.03208795
0.02904616
0.03485364
0.02948746
0.03000763
0.03398064
0.03082439
0.02941303
0.02629612
0.03604047
0.02847147
0.03212753
0.03010673
0.02900130
0.03029036
0.02791431
0.02731476
0.02628902
0.02661336
0.02626475
0.02831399
0.02605134
0.02713640
0.02714776
0.02662546
0.02743692
0.02619506
0.02838598
0.03252666
0.02741067
0.03309141
0.03255380
0.03147708
0.03317858
0.03264229
0.03166353
0.02842019
0.03111694
0.02975701
0.03426817
0.03809157
0.03194162
0.03300026
0.03722947
0.03758341
0.03474087
0.03774698
0.03162164
0.03317144
0.02947156
0.03327998
0.03695492
0.03175687
0.03028619
0.02734593
0.02623100
0.02702594
0.02738805
0.02633660
0.03188250
0.02667727
0.02649892
0.02674721
0.02781091
0.02711805
0.02896489
0.02852461
0.03079321
0.02621594
0.03222998
0.02733078
0.02827671
0.02681503
0.03756839
0.02986518
0.02756214
0.02592926
0.03723525
0.02954131
0.02641209
0.03352170
0.02764754
0.02667610
0.02691130
0.02593106
0.02753651
0.03057341
0.03107820
0.03226956
0.02820268
0.02648033
0.02705916
0.02654268
0.02840147
0.02618113
0.02757122
0.02763198
0.03082495
0.03125083
0.03102727
0.02718699
0.02858168
0.02613205
0.03294473
0.02815286
0.02786922
0.03235076
0.02879071
0.02736492
0.03627604
0.03061723
0.02679373
0.02995524
0.03640398
0.02848921
0.03426863
0.04457106
0.03041428
0.02985500
0.02863153
0.03778880
0.02706682
0.03519159
0.02993190
0.02571030
0.03118797
0.02915989
0.02615422
0.03647683
0.02782897
0.03064870
0.04012956
0.02823278
0.02628847
0.02996325
0.02692512
0.03039755
0.03124462
0.02670453
0.02677484
0.02661860
0.02598432
0.02886457
0.03766861
0.02826821
0.02752815
0.03627756
0.02576664
0.03590973
0.02756748
0.02795965
0.02719719
0.02705592
0.02718269
0.03118399
0.02959632
0.02860122
0.03709645
0.02908939
0.02741127
0.02805359
0.03070506
0.02711618
0.02627218
0.02634657
0.02635202
0.03085881
0.02742095
0.02662625
0.02641701
0.02746135
0.02595125
0.02586296
0.02522529
0.03048317
0.02779629
0.02665139
0.02651566
0.02611415
0.02878659
0.02960834
0.02592580
0.02983946
0.02593772
0.02882696
0.03409893
0.02508443
0.02652217
0.02994204
0.03019188
0.02953003
0.02739443
0.02606882
0.02774549
0.02583928
0.02695130
0.02540296
0.02653588
0.03228296
0.02898784
0.03715343
0.03082622
0.02869761
0.02701477
0.02633012
0.02533769
0.02777531
0.02632148
0.02660065
0.02587780
0.02848449
0.02602786
0.02543997
0.02661836
0.02591714
0.03057007
0.02523273
0.03067908
0.02583876
0.02579977
0.02807112
0.03289229
0.02589452
0.02625900
0.02630858
0.02793352
0.02786114
0.02591627
0.02580314
0.02588882
0.02591611
0.02495010
0.02582727
0.02560479
0.02583687
0.02707814
0.02660472
0.02610855
0.02504743
0.02606734
0.02613278
0.02893949
0.02583218
0.02627758
0.02823056
0.03143760
0.02913803
0.02496733
0.02629968
0.02999322
0.02689284
0.02737195
0.02546388
0.02914479
0.02604564
0.02654727
0.02545313
0.02862624
0.02969126
0.02584696
0.02549471
0.02747199
0.02578136
0.02992168
0.02652044
0.02557255
0.02778075
0.02681653
0.02733188
0.02663962
0.02608324
0.02554864
0.02981173
0.02937090
0.02633676
0.02609255
0.02606049
0.02640161
0.02591279
0.02507496
0.02966312
0.02651938
0.02567942
0.02505050
0.02596222
0.03028229
0.02580213
0.02628775
0.02599752
0.02653756
0.02624163
0.02496998
0.02601438
0.02920243
0.02521951
0.02514723
0.02585803
0.02834997
0.02618395
0.02595916
0.03379387
0.02611267
0.02677284
0.02695761
0.02563450
0.02629977
0.02912778
0.03117844
0.02622665
0.02658485
0.02486576
0.02773686
0.02572754
0.02593071
0.02575751
0.02702709
0.02553360
0.02870373
0.02724997
0.03045701
0.02840382
0.02614640
0.02607443
0.02661182
0.02813031
0.02627308
0.02849228
0.02598312
0.02567808
0.02949742
0.02951430
0.02641732
0.02596827
0.02533334
0.03028338
0.02782540
0.03114681
0.02621982
0.02712837
0.02572610
0.02620987
0.02665852
0.02604628
0.02542311
0.02729912
0.03008514
0.02952738
0.03001756
0.02760768
0.02603486
0.02599034
0.02933401
0.03074493
0.03068119
0.02628248
0.02599727
0.02632212
0.02648269
0.02680436
0.02604018
0.02512387
0.02805564
0.02838772
0.03009555
0.02984555
0.02901142
0.02801430
0.02635795
0.02756311
0.02752024
0.02630859
0.02580872
0.02580482
0.02820062
0.02915166
0.03009599
0.02992483
0.02655173
0.02642190
0.02589018
0.02587496
0.03180718
0.02896832
0.02527483
0.02531801
0.03090990
0.02718624
0.02739915
0.02567819
0.02693730
0.02792912
0.02846774
0.02568207
0.02531143
0.02597163
0.02995003
0.02610943
0.02667461
0.02616887
0.02915374
0.02926958
0.02714531
0.02747525
0.02677870
0.02553992
0.02610352
0.02685002
0.02743486
0.02707847
0.02961786
0.03361894
0.02660328
0.02622937
0.02836848
0.02619506
0.02589020
0.02834554
0.02646821
0.02597587
0.02728687
0.02731263
0.02968041
0.02707107
0.02748559
0.02585416
0.02800405
0.02644821
0.02857827
0.02704103
0.02961875
0.02636053
0.02978414
0.02672525
0.02649532
0.02668966
0.02853089
0.02838875
0.02661074
0.02661744
0.02633188
0.02635080
0.02707906
0.03022085
0.02842686
0.02709119
0.02609281
0.02653156
0.02697423
0.02586205
0.02808389
0.02653732
0.02662515
0.02825577
0.02660223
0.02599283
0.02664291
0.03133191
0.02669363
0.02885778
0.02646461
0.02632010
0.02682878
0.03000895
0.02685303
0.02652801
0.02857609
0.02615260
0.02692788
0.03157056
0.02787217
0.02789676
0.03009898
0.02779754
0.02704355
0.02696012
0.02610082
0.02606772
0.02712131
0.03024192
0.02743226
0.02642397
0.02715876
0.02689402
0.02679356
0.02628781
0.02684960
0.02749460
0.03033173
0.02686356
0.02946635
0.02787692
0.02581748
0.02716598
0.02709519
0.02665340
0.02585251
0.02824498
0.02617656
0.02629827
0.02646481
0.02673384
0.03059042
0.02794610
0.02695309
0.02569181
0.02632676
0.03412039
0.02669305
0.03071589
0.02860644
0.02679830
0.02903708
0.02817068
0.02598560
0.02718569
0.00000000
0.00000000
0.00000000
0.00000000
0.00180642
0.03296447
0.03650920
0.03126032
0.03241878
0.03106643
0.03098520
0.03604216
0.03107233
0.03854718
0.03281056
0.03098365
0.03115254
0.03103522
0.03457054
0.03434394
0.03002879
0.03037833
0.03321244
0.03152625
0.03347114
0.03201040
0.03141912
0.03062337
0.03163454
0.03367570
0.03536662
0.03322053
0.03037162
0.03040204
0.03076987
0.03125449
0.03143097
0.03057504
0.03210697
0.03050689
0.03141394
0.03009809
0.03059147
0.03134544
0.03044925
0.03013103
0.03537298
0.03163987
0.03181210
0.03145442
0.03318708
0.03274645
0.03159916
0.03275920
0.03124275
0.03113108
0.03104937
0.03190896
0.03079720
0.03149293
0.03094995
0.03290430
0.03175772
0.03109284
0.03086859
0.03238508
0.03173961
0.03147565
0.03107068
0.03229119
0.03121263
0.03106755
0.03114771
0.03300953
0.03088097
0.03099354
0.03425688
0.03455582
0.03090520
0.03089338
0.03283872
0.03320748
0.03062603
0.03499324
0.03088264
0.03090183
0.03092358
0.03079623
0.03138902
0.03126642
0.03492548
0.03011034
0.03063359
0.03001219
0.03345066
0.03114080
0.03137590
0.03138626
0.03354635
0.03238314
0.03659898
0.03131353
0.03017869
0.03116370
0.03135046
0.03010856
0.03010978
0.03114315
0.03081398
0.03190881
0.03563986
0.03209595
0.03431012
0.03108581
0.03425987
0.03115247
0.03065111
0.03112709
0.03051319
0.03083995
0.03071588
0.03108590
0.03040070
0.03060917
0.03778446
0.04010659
0.02984338
0.03186000
0.03096075
0.03022384
0.03053151
0.03065677
0.03050693
0.03253636
0.03083609
0.03124769
0.02982976
0.03060135
0.03132522
0.03137445
0.03369969
0.03126051
0.03074372
0.03097493
0.03162485
0.03103713
0.03207714
0.03200888
0.03112280
0.03138373
0.03426827
0.03371544
0.03052922
0.03072327
0.03059026
0.03468451
0.03152948
0.03100904
0.03180323
0.03205709
0.03049788
0.03006041
0.03063234
0.03131194
0.03113192
0.03346199
0.03081666
0.03067571
0.03205528
0.03109024
0.03461119
0.03061715
0.03373870
0.02966831
0.03036271
0.03111482
0.03109608
0.02996294
0.03060796
0.03009499
0.03061190
0.03089852
0.03089740
0.03168793
0.03070559
0.03024929
0.03149594
0.03315425
0.03123370
0.03200947
0.03125634
0.03225466
0.03093176
0.03148523
0.03113163
0.03112322
0.03124434
0.03199135
0.03118006
0.03285845
0.03121803
0.03158525
0.03105403
0.03491283
0.03098177
0.03044237
0.04499521
0.05280907
0.03330890
0.03631083
0.03204433
0.03149364
0.03557422
0.03627381
0.03275713
0.03134931
0.04061183
0.03451215
0.03121327
0.03258020
0.04106745
0.03175445
0.03081761
0.04022249
0.04737224
0.03837591
0.03341190
0.03363580
0.03011649
0.03049642
0.03575344
0.03430102
0.03589720
0.03218252
0.03581085
0.03202085
0.03320289
0.03179547
0.03711924
0.03487830
0.03535615
0.03295166
0.03117216
0.03516703
0.03735280
0.03366575
0.03487413
0.03515648
0.03184770
0.03584789
0.03169066
0.03528173
0.03084916
0.03489502
0.03502689
0.03061988
0.03286718
0.03461259
0.03260198
0.03129187
0.04177201
0.03282748
0.03172279
0.03641123
0.03254748
0.03167057
0.03662418
0.03353890
0.03866473
0.03582731
0.03181904
0.03547352
0.03348267
0.03386981
0.03794194
0.03360990
0.03434125
0.03607197
0.03258640
0.03453235
0.03228258
0.03432189
0.03124759
0.03282137
0.03598510
0.03062575
0.03112483
0.03050194
0.03125083
0.03068306
0.03047738
0.03477905
0.03188794
0.03232088
0.03159934
