0.00212810
0.00299324
0.00305610
0.00372769
0.00177857
0.00267035
0.00275223
0.00580462
0.00393516
0.00343097
0.00144349
0.00599491
0.00139089
0.00281530
0.00145389
0.00144617
0.00323039
0.00327287
0.00512775
0.00283585
0.00150258
0.00139403
0.00267428
0.00269213
0.00350588
0.00000000
0.00000000
0.00000000
0.00000000
0.00114269
0.00155362
0.00136114
0.00236539
0.00208153
0.00133752
0.00159989
0.00142475
0.00138687
0.00133439
0.00141121
0.00134277
0.00132831
0.00167941
0.00139285
0.00272899
0.00145065
0.00144894
0.00138416
0.00155977
0.00265176
0.00143552
0.00927386
0.00140939
0.00136735
0.00154433
0.00143125
0.00150838
0.00140229
0.00136669
0.00139396
0.00146092
0.00244024
0.00142055
0.00135569
0.00144624
0.00136224
0.00134687
0.00138848
0.00000000
0.00000000
0.00000000
0.00000000
0.00107974
0.00112832
0.00085968
0.00122683
0.00172893
0.00273334
0.00123902
0.00116763
0.00116373
0.00126067
0.00118908
0.00127614
0.00078740
0.00077677
0.00123580
0.00145236
0.00135851
0.00130579
0.00084326
0.00080428
0.00081331
0.00074721
0.00074819
0.00085058
0.00074713
0.00074869
0.00130028
0.00080625
0.00092147
0.00096513
0.00078874
0.00105378
0.00074489
0.00126852
0.00126600
0.00126518
0.00134994
0.00131528
0.00330316
0.00081803
0.00074229
0.00075221
0.00078118
0.00128341
0.00078149
0.00076142
0.00079293
0.00076454
0.00130909
0.00121722
0.00128406
0.00076001
0.00074389
0.00302127
0.00077886
0.00129488
0.00136439
0.00327461
0.00102972
0.01087675
0.00126917
0.00193218
0.00135742
0.00082395
0.00080307
0.00137313
0.00130771
0.00113892
0.00138824
0.00189034
0.00079086
0.00084984
0.00145185
0.00122522
0.00122413
0.00131907
0.00118793
0.00133130
0.00151467
0.00184028
0.00130283
0.00126297
0.00076639
0.00090811
0.00076591
0.00078496
0.00076966
0.00074783
0.00121262
0.00123206
0.00198620
0.00077406
0.00077112
0.00079592
0.00079167
0.00125445
0.00077997
0.00074742
0.00076407
0.00130838
0.00123118
0.00125396
0.00079902
0.00096830
0.00074747
0.00468052
0.00377822
0.00165819
0.00128258
0.00134440
0.00000000
0.00000000
0.00000000
0.00000000
0.00110481
0.00079565
0.00069636
0.00081789
0.00071859
0.00070670
0.00123484
0.00148003
0.00114290
0.00070829
0.00120263
0.00070278
0.00072496
0.00072887
0.00071270
0.00069952
0.00069498
0.00070292
0.00072321
0.00154371
0.00115725
0.00111845
0.00113313
0.00072138
0.00116819
0.00075536
0.00069685
0.00071252
0.00075315
0.00073369
0.00073699
0.00070213
0.00072140
0.00081839
0.00105947
0.00070985
0.00000000
0.00000000
0.00000000
0.00000000
0.00141639
0.00212682
0.00170594
0.00197299
0.00210222
0.00185166
0.00354552
0.00139408
0.00121349
0.00121818
0.00121030
0.00132807
0.00156900
0.00181974
0.00211469
0.00211531
0.00220338
0.00212553
0.00203325
0.00180382
0.00170860
0.00190296
0.00211233
0.00211839
0.00212087
0.00213264
0.00210963
0.00224427
0.00211216
0.00210733
0.00232951
0.00211802
0.00210798
0.00215366
0.00211160
0.00184893
0.00211856
0.00314462
