0.00060318
0.01468100
0.01441134
0.01578363
0.01611330
0.01462834
0.01443206
0.01510169
0.01406787
0.01437015
0.01455188
0.01416294
0.01403217
0.01405471
0.01455854
0.01563510
0.01480308
0.01631378
0.01792483
0.02148715
0.01475055
0.01518545
0.01872973
0.01395819
0.01397329
0.01497328
0.01409016
0.01445860
0.01387413
0.01436346
0.01395734
0.02048734
0.01685886
0.01731399
0.01653257
0.01873968
0.01774855
0.01969916
0.01780098
0.01836132
0.01841908
0.01876706
0.02211110
0.01879314
0.01846133
0.01501096
0.01579847
0.01963489
0.01458223
0.01792134
0.01770248
0.01845146
0.01800214
0.01797772
0.01775743
0.01959945
0.01847932
0.01835033
0.01883372
0.01888847
0.01840046
0.01698901
0.01672636
0.02200261
0.01710638
0.01963614
0.01449500
0.01726002
0.01515448
0.01932341
0.01423042
0.01840984
0.01897683
0.01806628
0.01910943
0.01865023
0.01877654
0.01885151
0.01508815
0.01851940
0.01879938
0.01897824
0.01915607
0.01869749
0.01745202
0.01859206
0.01543363
0.01562502
0.01549698
0.01962081
0.01706040
0.01850517
0.01882302
0.01902597
0.01858981
0.01774147
0.01413980
0.01415002
0.01462541
0.01421952
0.01497910
0.01933148
0.01767302
0.01999340
0.01877399
0.01829495
0.01886053
0.02296695
0.01915598
0.01895700
0.01853000
0.02003305
0.01432109
0.01419146
0.01460735
0.01926051
0.01879181
0.01908564
0.01943948
0.01650883
0.01924236
0.01916842
0.01811014
0.01980190
0.01895938
0.01874366
0.01980842
0.01653892
0.01498185
0.02069211
0.01901095
0.01462207
0.01848264
0.01951888
0.01963370
0.01946261
0.01927956
0.01862176
0.01903001
0.01999954
0.01480639
0.01843397
0.01968438
0.02002625
0.01905275
0.01943621
0.01943213
0.01703893
0.02001772
0.02323305
0.01912537
0.01800835
0.01886812
0.02133706
0.01720254
0.01794660
0.01997232
0.01565282
0.01738807
0.01530926
0.01923730
0.01450934
0.01986260
0.01896860
0.02018621
0.01520641
0.01889754
0.01748756
0.02217907
0.01899948
0.01727983
0.01878851
0.01499525
0.01447975
0.01831724
0.01953466
0.01996583
0.01762583
0.01919991
0.01988630
0.01996773
0.01952678
0.01934206
0.02003729
0.02092695
0.01999136
0.02051460
0.01973017
0.01979768
0.01697367
0.01973177
0.01645471
0.01579775
0.01543064
0.01695525
0.02097208
0.02199941
0.02083654
0.02098790
0.02062202
0.01667951
0.01586922
0.01639194
0.01810629
0.01499893
0.01842954
0.02054488
