0.00154307
0.00191902
0.00144235
0.00144451
0.00121990
0.00125255
0.00163618
0.00115988
0.00115964
0.00120575
0.00104006
0.00101904
0.00115113
0.00140240
0.00121429
0.00115430
0.00116154
0.00140841
0.00140482
0.00125896
0.00121784
0.00194770
0.00116092
0.00106311
0.00102919
0.00103266
0.00104902
0.00110500
0.00116382
0.00103269
0.00115177
0.00117976
0.00171476
0.00148565
0.00114865
0.00115149
0.00110968
0.00121479
0.00115448
0.00142187
0.00129804
0.00115700
0.00115021
0.00113534
0.00115987
0.00115314
0.00123559
0.00100509
0.00115144
0.00115176
0.00127203
0.00101685
0.00104572
0.00115494
0.00130211
0.00126278
0.00106203
0.00117120
0.00109740
0.00103115
0.00104410
0.00155550
0.00106632
0.00126605
0.00114883
0.00114055
0.00179944
0.00115474
0.00113569
0.00113559
0.00150728
0.00116463
0.00114952
0.00115595
0.00108983
0.00140811
0.00115991
0.00140746
0.00115303
0.00117256
0.00142287
0.00115466
0.00114995
0.00115270
0.00117521
0.00115622
0.00115216
0.00115121
0.00107477
0.00103348
0.00126705
0.00100832
0.00103031
0.00102162
0.00102218
0.00103246
0.00102270
0.00113805
0.00102286
0.00101703
0.00115305
0.00125500
0.00114748
0.00174946
0.00117307
0.00117326
0.00131673
0.00115934
0.00114480
0.00140399
0.00116671
0.00115250
0.00100987
0.00098325
0.00097693
0.00097189
0.00097665
0.00224363
0.00102024
0.00101874
0.00098008
0.00100319
0.00110658
0.00225887
0.00100182
0.00101052
0.00101595
0.00099554
0.00100068
0.00104847
0.00103721
0.00099819
0.00101149
0.00099866
0.00101739
0.00106587
0.00103109
0.00099754
0.00103880
0.00162898
0.00127126
0.00102988
0.00103497
0.00102186
0.00103239
0.00102909
0.00102616
0.00254773
0.00125105
0.00104335
0.00102955
0.00102676
0.00102245
0.00112845
0.00120318
0.00104479
0.00103519
0.00105145
0.00108504
0.00113720
0.00106111
0.00104526
0.00107262
0.00104235
0.00111895
0.00143018
0.00105614
0.00159438
0.00110353
0.00104983
0.00192391
0.00176326
0.00292961
0.00107481
0.00259972
0.00114392
0.00246803
0.00105112
0.00105359
0.00104534
0.00109300
0.00108296
0.00155981
0.00107429
0.00104749
0.00105331
0.00103463
0.00233911
0.00104777
0.00102935
0.00101996
0.00102501
0.00185091
0.00103091
0.00107144
0.00104613
0.00109401
0.00179233
0.00108234
0.00107680
0.00101840
0.00106830
0.00109892
0.00105914
0.00187150
0.00137388
0.00105491
0.00106538
0.00102265
0.00106327
0.00139425
0.00100863
0.00103056
0.00103755
0.00129601
0.00117411
0.00104556
0.00105142
0.00142714
0.00113821
0.00115898
0.00101278
0.00235035
0.00102965
0.00109556
0.00105607
0.00175411
0.00174282
0.00175904
0.00189785
0.00174900
0.00547367
0.00173630
0.00166755
0.00696415
0.00149566
0.00178071
0.00204560
0.00176308
0.00177119
0.00168442
0.01015092
0.00191187
0.00125383
0.00109407
0.00181992
0.00415760
0.00108509
0.00105256
0.00104941
0.00103225
0.00100292
0.00105452
0.00102019
0.00106857
0.00128611
0.00128606
0.00122287
0.00125618
0.00175966
0.00770914
0.00499194
0.00108074
0.00233997
0.00437316
0.00108569
0.00254259
0.00182067
0.00128415
0.00180336
0.00188735
0.00177094
0.00196476
0.00612211
0.00188809
0.00174580
0.00189804
0.00601458
0.00177633
0.01030107
0.00317356
0.00235058
0.00418338
0.00187085
0.00109149
0.00126499
0.00418220
0.00466950
0.01071826
0.00190219
0.00181637
0.00177703
0.00201618
0.00698922
0.00483981
0.00401344
0.00103733
0.00112638
0.00198777
0.00180902
0.00225824
0.00182001
0.00109086
0.00121086
0.00107354
0.00105822
0.00104638
0.00112977
0.00109067
0.00184219
0.00187730
0.00157077
0.00629302
0.00199222
0.00163045
0.00181006
0.00187538
0.00238673
0.00189338
0.00445258
0.00192368
0.00474110
0.00127351
0.00105000
0.00104215
0.00104930
0.00107118
0.00103984
0.00194243
0.00169977
0.00103772
0.00112464
0.00106989
0.00470033
0.00173797
0.00328453
0.00189998
0.00232404
0.00108083
0.00182506
0.00179018
0.00152168
0.00111533
0.00106022
0.00107205
0.00187321
0.00207502
0.00181855
0.00214677
0.00183087
0.00246533
0.00105470
0.00118202
0.00120861
0.00104199
0.00105114
0.00339590
0.00195573
0.00105427
0.00106816
0.00107167
0.00734355
0.00154463
0.00103768
0.01645017
0.00132090
0.00104501
0.00104653
0.00104704
0.00145852
0.00102161
0.00114858
0.00108110
0.00103663
0.00105372
0.00117977
0.00315225
0.00188521
0.00194609
0.00161979
0.00667854
0.00447384
0.00105624
0.00105660
0.00104612
0.00103160
0.00126334
0.00131759
0.00101011
0.00105210
0.00130282
0.00103726
0.00105242
0.00268759
0.00108756
0.00189494
0.00211088
0.00183409
0.00109336
0.00155781
0.00105292
0.00103645
0.00178813
0.00183205
0.00115153
0.00182991
0.00197858
0.00180747
0.00138882
0.00175335
0.00145844
0.00140812
0.00122647
0.00120333
0.00180583
0.00114212
0.00177183
0.00155544
0.00143747
0.00174802
0.00147421
0.00225382
0.00144718
0.00116988
0.00102493
0.00130501
0.00100574
0.00102941
0.00152640
0.00178758
0.00195984
0.00105867
0.00104508
0.00126852
0.00114598
0.00155544
0.00146133
0.00147614
0.00191271
0.00144766
0.00181136
0.00141814
0.00178663
0.00177528
0.00175673
0.00191269
0.00175432
0.00140702
0.00144297
0.00178531
0.00152330
0.00174249
0.00146966
0.00182697
0.00146291
0.00173924
0.00144354
0.00144909
0.00139322
0.00180420
0.00188253
0.00141991
0.00139414
0.00185216
0.00141341
0.00174137
0.00176186
0.00176981
0.00151366
0.00172432
0.00181653
0.00143024
0.00106848
0.00105565
0.00107573
0.00170371
0.00145669
0.00176667
0.00138415
0.00148970
0.00176841
0.00141563
0.00140165
0.00186127
0.00170476
0.00168332
0.00148293
0.00136291
0.00181053
0.00176198
0.00157952
0.00175854
0.00181187
0.00140343
0.00175492
0.00142633
0.00140047
0.00173876
0.00139863
0.00189516
0.00184919
0.00179676
0.00176217
0.00140112
0.00207499
0.00136287
0.00128332
0.00150962
0.00113626
0.00185578
0.00143165
0.00145024
0.00140933
0.00182548
0.00175741
0.00151133
0.00175128
0.00137645
0.00140859
0.00143702
0.00125929
0.00169560
0.00140313
0.00151241
0.00148518
0.00283185
0.00180531
0.00162232
0.00147166
0.00180612
0.00149525
0.00180893
0.00140828
0.00174035
0.00172111
0.00149195
0.00179961
0.00176271
0.00144528
0.00174541
0.00118161
0.00110193
0.00295797
0.00148810
0.00188824
0.00140068
0.00169506
0.00174141
0.00186004
0.00149597
0.00142856
0.00178146
0.00211433
0.00181890
0.00135309
0.00139713
0.00253994
0.00199089
0.00151478
0.00145578
0.00145951
0.00000000
0.00000000
0.00000000
0.00000000
0.00420988
0.00619814
0.00425590
0.00478254
0.00472347
0.00420449
0.00482187
0.00478077
0.00386523
0.00451006
0.00420403
0.00438772
0.00541867
0.00505081
0.00495853
0.00428909
0.00420771
0.00452678
0.00376211
0.00390363
0.00664073
0.00500361
0.00385844
0.00552308
0.00389185
0.00388321
0.00476789
0.00347519
0.00528657
0.00444013
0.00570945
0.00366146
