0.00293528
0.00399957
0.00243700
0.00263009
0.00290353
0.00264446
0.00360318
0.00279316
0.00262181
0.00291622
0.00283670
0.00279047
0.00305745
0.00334569
0.00266824
0.00335550
0.00276947
0.00300202
0.00268313
0.00291582
0.00267883
0.00287871
0.00329227
0.00277816
0.00268605
0.00399003
0.00343566
0.00277579
0.00314907
0.00310084
0.00267670
0.00265969
0.00409574
0.00333192
0.00328597
0.00277770
0.00320144
0.00315379
0.00272750
0.00274343
0.00266179
0.00329044
0.00266027
0.00286039
0.00328360
0.00328420
0.00274067
0.00328973
0.00328600
0.00318095
0.00267163
0.00260379
0.00279809
0.00231187
0.00327609
0.00267544
0.00269609
0.00267369
0.00339552
0.00335994
0.00329106
0.00366074
0.00284830
0.00270722
0.00236150
0.00294793
0.00232359
0.00312294
0.00268517
0.00311511
0.00250093
0.00248505
0.00264597
0.00233257
0.00338729
0.00230881
0.00364423
0.00236071
0.00234468
0.00244508
0.00241380
0.00381023
0.00243054
0.00239021
0.00376675
0.00239589
0.00262149
0.00332224
0.00241823
0.00242249
0.01369982
0.00269241
0.00303338
0.00240878
0.00237302
0.00277290
0.00589519
0.00434076
0.00299900
0.00272338
0.00246520
0.00265352
0.00372221
0.00382073
0.00232809
0.00290665
0.00261821
0.00233378
0.00247650
0.00237978
0.00245163
0.00294750
0.00230208
0.00416122
0.00256384
0.00364609
0.00240377
0.00250324
0.00292522
0.00255478
0.00472294
0.00412386
0.00625126
0.00756454
0.00445157
0.00543534
0.00433285
0.00449545
0.00430970
0.00354191
0.00243798
0.00338829
0.00471107
0.00458069
0.00279483
0.00457368
0.00475430
0.00438651
0.00258494
0.00244262
0.00343953
0.00250159
0.00262870
0.00243243
0.00438430
0.00260702
0.00719001
0.00272609
0.00370318
0.00251834
0.00476277
0.00284648
0.00371586
0.00238758
0.00246436
0.00249332
0.00233641
0.00247305
0.00467530
0.00469600
0.00451241
0.00481017
0.00236469
0.00245262
0.00480455
0.00364707
0.00461514
0.00395067
0.00247053
0.00467713
0.00475739
0.00531476
0.00464668
0.00462350
0.00740364
0.00481210
0.00443363
0.00000000
0.00000000
0.00000000
0.00000000
0.00672459
0.00283756
0.00336438
0.00342919
0.00695481
0.00316382
0.00321221
0.00335741
0.00333557
0.00339772
0.00329084
0.00178331
0.00182747
0.00397458
0.00327105
0.00272868
0.00321728
0.00259466
0.00336418
0.00306129
0.00344575
0.00225445
0.00350037
0.00322956
0.00242048
0.00170405
0.00321528
0.00306869
0.00322991
0.00343528
0.00183863
0.00179016
0.00179037
0.00170916
0.00183689
0.00169524
0.00177897
0.00198859
0.00272915
0.00345846
0.00321593
0.00194202
0.00323552
0.00320133
0.00171350
0.00173272
0.00179974
0.00297134
0.00329387
0.00408628
0.00492751
0.00505553
0.00170025
0.00234075
0.00170956
0.00177492
0.00432240
0.00340182
0.00350185
0.00169895
0.00432208
0.00188782
0.00337955
0.00569837
0.00489236
0.00491076
0.00513734
0.00179181
0.00179033
0.00182107
0.00178925
0.00176173
0.00286000
0.00191634
0.00174620
0.00176497
0.00341599
0.00183988
0.00170456
0.00250581
0.00192764
0.00301021
0.00169111
0.00171182
0.00408767
0.01610167
0.00194231
0.00196734
0.00171336
0.00204475
0.00351411
0.00247144
0.00177630
0.00217491
0.00344762
0.00197697
0.00174322
0.00335996
0.00200537
0.00177922
0.00177953
0.00175776
0.00171466
0.00618182
0.00407459
0.00299431
0.00309464
0.00353652
0.00505364
0.00295108
0.00307652
0.00314602
0.00667227
0.00204778
0.00173290
0.00319867
0.00171831
0.00176918
0.00178813
0.00179792
0.00177356
0.00171909
0.00177227
0.00286494
0.00244678
0.00189300
0.00171569
0.00197329
0.00205443
0.00184414
0.00164112
0.00187541
0.00189709
0.00167586
0.00189365
0.00171661
0.00175457
0.00174367
0.00392506
0.00177536
0.00331638
0.00236954
0.00171727
0.00254019
0.00293519
0.00191809
0.00254101
0.00197811
0.00244733
0.00250148
0.00252605
0.00236468
0.00251724
0.00303779
0.00240644
0.00414774
0.00281629
0.00253368
0.00297202
0.00294135
0.00388331
0.00236265
0.00228490
0.00236287
0.00192079
0.00216337
0.00236027
0.00247322
0.00237933
0.00218107
0.00192331
0.00216190
0.00237253
0.00246933
0.00230891
0.00224674
0.00197670
0.00183783
0.00172817
0.00168834
0.00183955
0.00166478
0.00210286
0.00192570
0.00223865
0.00238225
0.00244166
0.00254457
0.00235767
0.00248660
0.00229292
0.00197943
0.00192271
0.00204066
0.00170335
0.00192144
0.00192928
0.00272888
0.00192967
0.00192815
0.00196241
0.00207020
0.00231986
0.00168178
0.00192684
0.00191594
0.00195809
0.00192291
0.00189229
0.00237018
0.00239032
0.00192574
0.00237352
0.00235847
0.00193190
0.00236754
0.00242382
0.00271373
0.00223210
0.00249081
0.00255189
0.00241912
0.00229533
0.00192085
0.00235217
0.00219727
0.00205003
0.00204981
0.00191828
0.00193055
0.00246825
0.00192411
0.00254440
0.00233393
0.00189756
0.00170661
0.00170995
0.00204984
0.00179638
0.00224494
0.00202832
0.00218630
0.00192135
0.00206828
0.00190293
0.00167107
0.00175656
0.00176253
0.00168441
0.00191912
0.00198680
0.00165758
0.00192705
0.00315493
0.00227226
0.00300183
0.00223811
0.00179977
0.00208974
0.00171610
0.00273836
0.00173663
0.00227198
0.00166918
0.00168250
0.00167405
0.00200492
0.00171243
0.00166477
0.00168168
0.00197674
0.00205063
0.00191444
0.00235875
0.00236735
0.00229318
0.00192350
0.00232421
0.00192135
0.00215645
0.00192182
0.00236535
0.00204157
0.00199467
0.00192964
0.00222485
0.00237392
0.00219107
0.00198181
0.00238385
0.00237604
0.00192405
0.00236864
0.00248776
0.00244857
0.00190584
0.00236736
0.00235805
0.00220532
0.00191544
0.00236469
0.00235980
0.00193336
0.00235998
0.00236218
0.00261251
0.00256075
0.00195518
0.00232493
0.00169997
0.00295627
0.00239419
0.00221756
0.00217099
0.00236795
0.00262463
0.00240645
0.00298844
0.00294890
0.00239562
0.00236676
0.00247600
0.00191723
0.00194357
0.00176078
0.00173472
0.00169241
0.00263033
0.00179876
0.00187623
0.00225953
0.00214748
0.00175769
0.00196275
0.00169606
0.00264490
0.00274940
0.00400771
0.00292324
0.00293383
0.00250734
0.00236917
0.00236686
0.00255925
0.00238329
0.00207481
0.00257526
0.00237451
0.00240702
0.00235650
0.00234225
0.00191549
0.00192943
0.00202098
0.00194664
0.00238807
0.00195954
0.00191642
0.00268405
0.00186805
0.00185455
0.00445501
0.00182720
0.00247676
0.00177659
0.00185129
0.00168092
0.00200203
0.00193080
0.00195573
0.00194066
0.00252172
0.00224422
0.00224782
0.00236864
0.00215070
0.00237045
0.00311356
0.00200570
0.00237034
0.00241351
0.00196788
0.00236297
0.00235889
0.00236371
0.00236440
0.00195834
0.00263576
