1
94.15,56.99,151.00,147.00
92.78,56.26,151.00,147.00
93.17,55.34,151.00,147.00
93.77,54.41,151.00,147.00
93.47,54.40,151.00,147.00
96.84,56.11,151.00,147.00
103.06,58.26,151.00,147.00
108.96,55.08,151.00,147.00
113.99,60.38,151.00,147.00
119.68,60.57,151.00,147.00
111.13,59.80,151.00,147.00
115.32,54.68,151.00,147.00
111.03,56.53,151.00,147.00
115.65,58.50,151.00,147.00
112.54,65.21,151.00,147.00
116.91,59.73,151.00,147.00
118.13,63.64,151.00,147.00
112.30,64.61,151.00,147.00
113.19,62.83,151.00,147.00
111.30,64.28,151.00,147.00
116.25,77.59,151.00,147.00
120.19,62.59,151.00,147.00
114.13,59.02,151.00,147.00
114.21,60.43,151.00,147.00
116.02,52.31,151.00,147.00
111.29,46.03,151.00,147.00
114.76,63.59,151.00,147.00
118.82,64.29,151.00,147.00
116.16,52.13,151.00,147.00
111.26,51.97,151.00,147.00
107.36,38.05,151.00,147.00
107.61,47.37,151.00,147.00
100.99,41.15,151.00,147.00
101.63,43.89,151.00,147.00
2
0
0
0
0
1
172.59,110.49,101.00,99.00
175.71,104.34,101.00,99.00
170.58,103.60,101.00,99.00
164.33,134.09,101.00,99.00
158.53,127.80,101.00,99.00
158.41,133.88,101.00,99.00
178.66,143.78,101.00,99.00
176.29,144.00,101.00,99.00
161.69,134.80,101.00,99.00
163.54,137.95,101.00,99.00
163.25,139.59,101.00,99.00
163.42,139.96,101.00,99.00
175.78,146.35,101.00,99.00
163.91,137.66,101.00,99.00
166.42,137.28,101.00,99.00
169.95,150.48,101.00,99.00
2
0
0
0
0
1
275.53,221.39,87.00,85.00
286.24,212.66,87.00,85.00
282.25,214.84,87.00,85.00
272.41,209.04,87.00,85.00
269.20,205.80,87.00,85.00
271.97,205.45,87.00,85.00
274.41,203.10,87.00,85.00
283.47,206.09,87.00,85.00
250.48,220.19,87.00,85.00
259.34,200.79,87.00,85.00
2
0
0
0
0
1
336.11,-7.11,179.00,179.00
348.63,-2.54,179.00,179.00
339.39,-2.57,179.00,179.00
344.63,4.52,179.00,179.00
332.76,4.57,179.00,179.00
330.01,6.73,179.00,179.00
2
0
0
0
0
1
285.50,14.93,153.00,151.00
280.27,13.48,153.00,151.00
280.72,18.10,153.00,151.00
278.14,11.70,153.00,151.00
272.56,22.41,153.00,151.00
279.43,19.65,153.00,151.00
280.11,17.97,153.00,151.00
279.19,9.14,153.00,151.00
277.96,5.99,153.00,151.00
282.21,16.16,153.00,151.00
273.54,15.83,153.00,151.00
276.50,17.83,153.00,151.00
278.62,23.15,153.00,151.00
279.41,-3.80,153.00,151.00
279.76,10.27,153.00,151.00
272.09,18.33,153.00,151.00
284.01,5.27,153.00,151.00
272.74,14.88,153.00,151.00
280.43,2.39,153.00,151.00
275.25,5.37,153.00,151.00
281.56,-6.92,153.00,151.00
2
0
0
0
0
1
55.52,56.19,159.00,159.00
82.67,47.17,159.00,159.00
53.67,51.98,159.00,159.00
56.08,43.28,159.00,159.00
67.71,54.29,159.00,159.00
72.97,45.87,159.00,159.00
70.19,47.20,159.00,159.00
2
0
0
0
0
1
118.86,88.71,115.00,111.00
110.84,81.76,115.00,111.00
112.11,82.41,115.00,111.00
111.09,77.15,115.00,111.00
113.94,78.25,115.00,111.00
103.67,85.49,115.00,111.00
113.37,80.14,115.00,111.00
109.22,83.70,115.00,111.00
114.58,79.12,115.00,111.00
107.31,85.72,115.00,111.00
118.12,90.22,115.00,111.00
124.30,87.70,115.00,111.00
111.51,79.78,115.00,111.00
121.50,87.89,115.00,111.00
109.38,78.78,115.00,111.00
108.41,80.96,115.00,111.00
114.97,90.65,115.00,111.00
106.33,82.76,115.00,111.00
98.13,81.52,115.00,111.00
93.71,84.81,115.00,111.00
98.37,80.91,115.00,111.00
102.21,81.60,115.00,111.00
103.37,80.95,115.00,111.00
101.59,79.52,115.00,111.00
110.67,80.70,115.00,111.00
2
0
0
0
0
1
221.79,180.48,63.00,61.00
222.97,178.23,63.00,61.00
