0.00205028
0.04159115
0.04356964
0.03866945
0.03899649
0.03936104
0.03803285
0.03447673
0.03511872
0.03493945
0.03699644
0.05211870
0.03773166
0.03755549
0.04650127
0.03514431
0.03609915
0.03548899
0.03909738
0.04292491
0.04078603
0.03816747
0.03985052
0.04224522
0.04025533
0.04629306
0.04147461
0.04573770
0.03672943
0.03813459
0.04269604
0.03957297
0.03724994
0.03736984
0.04055539
0.03515344
0.00000000
0.00000000
0.00000000
0.00000000
0.00087399
0.02528534
0.02416516
0.02668217
0.02823986
0.02257833
0.02288282
0.02191713
0.02377992
0.02365439
0.02229003
0.02693080
0.02538623
0.02567819
0.02292158
0.02346516
0.02419623
0.02703165
0.00000000
0.00000000
0.00000000
0.00000000
0.00081981
0.02022543
0.01899449
0.01906941
0.01915134
0.02015912
0.01975952
0.01931833
0.02144048
0.02709918
0.02099164
0.01993395
0.00000000
0.00000000
0.00000000
0.00000000
0.00202134
0.05177369
0.04805687
0.04469093
0.05156793
0.04907627
0.05335613
0.04834996
0.00000000
0.00000000
0.00000000
0.00000000
0.00108081
0.03695627
0.04557657
0.04045515
0.03980698
0.03899714
0.04113595
0.04312505
0.03764051
0.03793734
0.03701064
0.03843237
0.03788403
0.03788268
0.04265561
0.03972031
0.03794930
0.04797674
0.03876073
0.03996182
0.03805594
0.03663323
0.03718558
0.00000000
0.00000000
0.00000000
0.00000000
0.00150967
0.03825128
0.04004884
0.04403295
0.04543070
0.03820358
0.03991520
0.04088802
0.03819521
0.00000000
0.00000000
0.00000000
0.00000000
0.00111530
0.02954519
0.02460493
0.02648983
0.02573667
0.02527999
0.02484933
0.02596198
0.02605053
0.02506702
0.02781410
0.02575173
0.02534609
0.02582454
0.02615945
0.02565863
0.02570285
0.03610405
0.02690166
0.02833775
0.02886367
0.02640864
0.03304007
0.02853011
0.02746911
0.02612503
0.02618376
0.00000000
0.00000000
0.00000000
0.00000000
0.00070715
0.01745292
0.01514376
