0.00081859
0.01917732
0.01778673
0.01746913
0.02120443
0.01774890
0.01666902
0.01811334
0.01762891
0.01743896
0.01676597
0.01788032
0.01868948
0.01815895
0.01665701
0.01777726
0.01821925
0.01743505
0.01762376
0.01736586
0.01758665
0.01754324
0.01738697
0.01837205
0.01723614
0.01788854
0.01687103
0.01829698
0.01779072
0.01760793
0.01664212
0.01714432
0.01772474
0.01741263
0.02218823
0.01749238
0.01937510
0.01741722
0.01778359
0.01748807
0.01751868
0.01743798
0.01759990
0.01739009
0.01661218
0.01762061
0.01768710
0.01760376
0.01777930
0.01901788
0.01786000
0.01634375
0.01706783
0.01702621
0.01647346
0.01738616
0.01774102
0.01760954
0.01833509
0.01757458
0.01735384
0.01751145
0.01848663
0.02223437
0.01804382
0.01768353
0.01679206
0.01804880
0.01744228
0.01781487
0.01814848
0.01782474
0.01687227
0.01722593
0.01507709
0.01902150
0.01728518
0.01880103
0.01717583
0.01747635
0.01702827
0.01738225
0.01611434
0.01892400
0.01559796
0.01632069
0.01760065
0.01735912
0.01912275
0.01733672
0.01759151
0.01819379
0.01985479
0.01788171
0.01757358
0.01679441
0.01744225
0.01751974
0.02226225
0.01642412
0.01768991
0.01750369
0.01721113
0.01926124
0.01724734
0.01749608
0.01467915
0.01941074
0.01699227
0.01755568
0.01750279
0.01803453
0.01485168
0.01485878
0.01457538
0.01917175
0.01893938
0.01859400
0.01892273
0.01857873
0.01761482
0.01584144
0.01684313
0.01798761
0.01512025
0.02045823
0.01608537
0.01745721
0.01760397
0.01906333
0.01698131
0.01723054
0.01705340
0.01737559
0.01546196
0.01749660
0.00000000
0.00000000
0.00000000
0.00000000
0.00077804
0.01787613
0.01451271
0.01714774
0.01405962
0.01876462
0.01654149
0.01669982
0.01498489
0.01886678
0.01674767
0.01753237
0.01735472
0.01856311
0.01674703
0.01715351
0.01525320
0.01889371
0.01711307
0.01732856
0.01719893
0.01908211
0.01941717
0.01630299
0.01644772
0.01455401
0.01480488
0.00000000
0.00000000
0.00000000
0.00000000
0.00066556
0.01656176
0.01729780
0.01718887
0.01724152
0.01722696
0.01709558
0.01697165
0.01667580
0.01769422
0.01720583
0.01725424
0.01778364
0.01719425
0.01456370
0.01742924
0.01774406
0.01710574
0.01775250
0.01578246
0.01679411
0.01741674
0.01548980
0.01736928
0.01808376
0.01766327
0.01742402
0.01732478
0.01793311
0.01674470
0.01574073
0.01768821
0.02182393
0.01746269
0.01740942
0.01810377
0.01748340
0.01773986
0.01894383
0.01730308
0.01738191
0.01844114
0.01721201
0.01584893
0.01799658
0.01642970
0.01710176
0.01687060
0.01759524
0.01734024
0.01739236
0.01465059
0.01644141
0.01755881
0.01730667
0.01742182
0.01690854
0.01766983
0.01722531
0.01743771
0.01738863
0.01756462
0.01719493
0.01732004
0.01704399
0.01703844
0.01634984
0.01706627
0.00000000
0.00000000
0.00000000
0.00000000
0.00073942
0.02032185
0.01607036
0.01550618
0.01639383
0.01786514
0.01606256
0.01561902
0.01609015
0.01772891
0.01436390
0.01628947
0.01646852
0.01637986
0.01605441
0.01603637
0.01604142
0.01676723
0.01812231
0.01886686
0.01656696
0.01695402
0.01632438
0.01816821
0.01561431
0.01804542
0.01625256
0.01744375
0.01793572
0.01506717
0.01628779
0.01731224
0.01633897
0.01582126
0.01616410
0.01730862
0.01675162
0.01564644
0.01664716
0.01698726
0.01729671
0.01768127
0.01450368
0.01561784
0.01909079
0.01382464
0.01630977
0.01453158
0.01762389
0.01582700
0.01628653
0.01651374
0.01744040
0.01610245
0.01397995
0.01545629
0.01441922
0.01693914
0.01777076
0.01644314
0.00000000
0.00000000
0.00000000
0.00000000
0.00076152
0.01587270
0.01685991
0.01826912
0.01782502
0.01690083
0.01848581
0.01668975
0.01777890
0.01803149
0.01935041
0.01801955
0.01674363
0.01550941
0.01739759
0.01777486
0.01764310
0.01625313
0.01807417
0.01782532
0.01836823
0.01680559
0.01736869
0.01809062
0.01752178
0.01799352
0.01773391
0.01980794
0.01668060
0.01768805
0.01735735
0.01776379
0.01768572
0.00000000
0.00000000
0.00000000
0.00000000
0.00074556
0.01656348
0.01657051
0.01615335
0.01635681
0.01646383
