0.00083484
0.01962817
0.01868486
0.01827657
0.01638750
0.01597280
0.01564998
0.01574748
0.01562820
0.01908331
0.01654436
0.01622221
0.01967784
0.02094498
0.01785833
0.01741637
0.01574181
0.01846341
0.01655597
0.01588953
0.01607712
0.01577501
0.01711862
0.01642008
0.01575940
0.01590150
0.01666207
0.02112414
0.01874327
0.01683161
0.01654345
0.01671666
0.01547240
0.01579752
0.01647707
0.01568685
0.01614827
0.01650055
0.01743361
0.01702007
0.01611173
0.01754723
0.01629606
0.01773641
0.01551472
0.02005340
0.01597761
0.01644879
0.01589643
0.01652843
0.01612986
0.01696569
0.01590723
0.01530164
0.01567076
0.01596480
0.01643667
0.01589112
0.01950634
0.01780874
0.01552486
0.01552374
0.01617280
0.01660047
0.01680067
0.01734764
0.01755832
0.01533567
0.01537574
0.01566464
0.01616687
0.01598224
0.02034090
0.02003899
0.01568528
0.01600233
0.01698318
0.01604296
0.01622342
0.01567032
0.01994359
0.01622279
0.01644452
0.01917137
0.01664579
0.01562260
0.01537513
0.01615718
0.01574935
0.01669988
0.02112222
0.01848323
0.01738652
0.01626384
0.01589066
0.01653591
0.01578963
0.01643872
0.01542173
0.01689530
0.01575141
0.02103387
0.01561533
0.01810570
0.01545576
0.01577194
0.01634796
0.01639662
0.01620574
0.01638580
0.00000000
0.00000000
0.00000000
0.00000000
0.00057896
0.01178026
0.01181516
0.01171702
0.01524055
0.01537383
0.01273530
0.01263026
0.01495410
0.01258317
0.01199636
0.01237042
0.01139010
0.01128936
0.01175853
0.01231067
0.01176767
0.01258229
0.01282317
0.01240379
0.01169854
0.01143298
0.01213670
0.01256634
0.01571896
0.01198147
0.01518616
0.01223899
0.01945534
0.01124857
0.01487003
0.01229102
0.01244898
0.01162978
0.01209878
0.01208236
0.01209408
0.01214537
0.01159786
0.01141691
0.01529501
0.01201293
0.01321451
0.01176144
0.01226763
0.01203799
0.01247533
0.01184014
0.01132627
0.01173295
0.01504805
0.01247054
0.01525347
0.01344679
0.01231276
0.01247757
0.01225517
0.01584574
0.01593226
0.01244721
0.01166175
0.01179255
0.01133199
0.01131074
0.01220061
0.01549855
0.01945159
0.01193220
0.01257333
0.01148367
0.01304683
0.01214810
0.01511318
0.01308698
0.01250881
0.01183400
0.01177216
0.01151788
0.01121039
0.01482824
0.01239128
0.01269481
0.01335872
0.01211942
0.01161808
0.01527378
0.01245738
0.01202456
0.01129248
0.01128427
0.01461457
0.01336340
0.01140881
0.01151114
0.01169981
0.01518997
0.01253798
0.01179903
0.01573011
0.01321062
0.01484717
0.01246604
0.01253358
0.02002665
0.01605274
0.01191143
0.01302613
0.01556143
0.01210335
0.01613291
0.01210363
0.01428526
0.01254145
0.01452563
0.01667416
0.01177298
0.01618421
0.01194264
0.01504550
0.01214544
0.01137969
0.01556379
0.01472761
0.00000000
0.00000000
0.00000000
0.00000000
0.00082449
0.01453605
0.01571411
0.01154928
0.01588957
0.01558528
0.01507401
0.01120902
0.01134419
0.01248444
0.01562604
0.01152969
0.01536445
0.01241327
0.01127338
0.01313751
0.01547329
0.01148649
0.01581039
0.01187787
0.01596503
0.01496995
0.01388849
0.01461688
0.01193287
0.01330918
0.01712168
0.01310536
0.01437537
0.01323020
0.01131566
0.01134907
0.01189571
0.01546980
0.01120582
0.01523457
0.01168830
0.01128815
0.01217896
0.01411119
0.01579016
0.01185319
0.01117121
0.01507417
0.01192979
0.01464008
0.01176776
0.01130257
0.01288181
0.01513335
0.01291576
0.01119813
0.01436122
0.01295754
0.01541929
0.01196631
0.01577435
0.01204454
0.01572788
0.01172277
0.01617364
0.01517614
0.01434911
0.01478610
0.01330009
0.01628940
0.01284888
0.01579908
0.01230915
0.01414889
0.01179241
0.01571336
0.01128781
0.01114370
0.01165752
0.01152009
0.01202557
0.01166990
0.01577943
0.01259499
0.01820052
0.01198944
0.01582442
0.01202837
0.01455603
0.01701038
0.01468085
0.01379478
0.01278441
0.01260278
0.01363343
0.01365487
0.01294606
0.01293918
0.01358347
0.01307473
0.01394032
0.01273572
0.01373769
0.01282964
0.01422108
0.01866840
0.01290200
0.00000000
0.00000000
0.00000000
0.00000000
0.00067978
0.01307219
0.01425885
0.01360228
0.01461891
0.01357924
0.01267952
0.01257291
0.01377202
0.01197231
0.01183744
0.01386090
0.01483547
0.01210402
0.01378549
0.01388260
0.01252600
0.01199252
0.01132681
0.01556096
0.01135864
0.01262510
0.01186320
0.01200092
0.01179170
0.01200562
0.01153315
0.01147693
0.01602547
0.01196669
0.01262182
0.01531823
0.01167800
0.01529005
0.01257764
0.01168912
0.01596197
0.01196671
0.01291657
0.01198043
0.01237302
0.01243466
0.01189037
0.01185974
0.01164174
0.01174801
0.01234870
0.01245219
0.01132292
0.01258680
0.01236880
0.01214340
0.01218683
0.01562695
0.01191949
0.01467756
0.01272513
0.01227952
0.01278932
0.01149231
0.01166330
0.01471592
0.01301266
0.01375390
0.01392345
0.01479426
0.01355177
0.01573228
0.01294968
0.01282153
0.01339732
0.01344270
0.01472620
0.01480234
0.01762321
0.01450697
0.01366668
0.01392950
0.01401670
0.01545263
0.01267857
0.01335725
0.01328075
0.01529458
0.01238583
0.00000000
0.00000000
0.00000000
0.00000000
0.00075525
0.01407201
0.01258492
0.01258421
0.01369931
0.01340952
0.01415870
0.01306251
0.01675287
0.01540974
0.01399619
0.01377960
0.01353043
0.01329157
0.01305193
0.01398299
0.01693024
0.01594416
0.01654723
0.01633397
0.01717755
0.01669004
0.01832814
0.01977404
0.01705642
0.01559550
0.01525020
0.01861061
0.01463022
0.01737121
0.01671821
0.01502979
0.01708631
0.01587607
0.01615311
0.01396195
0.01690662
0.01546613
0.01750052
0.01787040
0.01494953
0.01880422
0.01681056
0.01534878
0.01727804
0.02053262
0.01835038
0.01597861
0.01748085
0.02378947
0.01758074
0.01988041
0.02186488
0.01693690
0.01954119
0.01938017
0.01745864
0.01962137
0.01537584
0.02254103
0.02632916
0.03548981
0.02379636
0.01728187
0.01853520
0.01828328
0.01582990
0.01488157
0.01481490
0.01361650
0.01457081
0.01772526
0.02020183
0.01568506
0.01591265
0.01618089
0.01515759
0.01728424
0.01594824
0.01927553
0.01421091
0.01391413
0.01367584
0.01540545
0.01380399
0.01310519
0.01380637
0.01281684
0.01373488
0.01585149
0.01366073
0.01361451
0.01601742
0.01345973
0.01333785
0.01324543
0.01335209
0.01489351
0.01321672
0.01374449
0.01479398
0.01309910
0.01313712
0.01368923
0.01343041
0.01412572
0.01320636
0.01358669
0.01347119
0.00000000
0.00000000
0.00000000
0.00000000
0.00052761
0.01425774
0.01479010
0.01370374
0.01414431
0.01269421
0.01733861
0.01277166
0.01288431
0.01194932
0.01197210
0.01333594
0.01387533
0.01551323
0.01328162
0.01302985
0.01488901
0.01220180
0.01247959
0.01155876
0.01188056
0.01485196
0.01197200
0.01151571
0.01217112
0.01114740
0.01497401
0.01213687
0.01227470
0.01153818
0.01245003
0.01598512
0.01258202
0.01159274
0.01492342
0.01325364
0.01203560
0.01147092
0.01627713
0.01249627
0.01235590
0.01135404
0.01175181
0.01428492
0.01570139
0.01609282
0.01268254
0.01184070
0.01266095
0.01261016
0.01598114
0.01187025
0.01201743
0.01276614
0.01163429
0.01260832
0.01129080
0.01138633
0.01476774
0.01425371
0.01126920
0.01221383
0.01266036
0.01200699
0.01160998
0.01234374
0.01140906
0.01152525
0.01465544
0.01213499
0.01680014
0.01127520
0.01164775
0.01492284
0.01584777
0.01197251
0.01161745
0.01161674
0.01152737
0.01293181
0.01358587
0.01256890
0.01207871
0.01124318
0.01158289
0.01451894
0.01385250
0.01422389
0.01243247
0.01218967
0.01163679
0.01520249
0.01468844
0.01173239
0.01284307
0.01152064
0.01261919
0.01236525
0.01138897
0.01133489
0.01166502
0.01207533
0.01179879
0.01217837
0.01234009
0.01155744
0.01216592
0.01926572
0.01672538
0.01302273
0.01319496
0.01340712
0.01161609
0.01131727
0.01143258
0.01447661
0.01161776
0.01172374
0.01161447
0.01206171
0.01135580
0.01137192
0.01146472
0.01163523
0.01402095
0.01188630
0.01215292
0.01162684
0.01193539
0.01189471
0.01246808
0.01447351
0.01459459
0.01452713
0.01272505
0.01261294
0.01207092
0.01463901
0.01191327
0.01206361
0.01230870
0.01360006
0.01242665
0.01664071
0.01158049
0.01206834
0.01216270
0.01355693
0.01340570
0.02028029
0.01785123
0.01896157
0.01705224
0.01891093
0.01624924
0.01888398
0.01672810
0.01729085
0.01789192
0.01778366
0.01597758
0.01573752
0.01673292
0.01634956
0.01287580
0.01439898
0.01211057
0.01430171
0.01314190
0.01332146
0.01278033
0.01313233
0.01187634
0.01177557
0.01275022
0.01475219
0.01565014
0.01952618
0.01840377
0.01682475
0.01814636
