0.00134179
0.00153437
0.00079762
0.00087768
0.00077118
0.00120192
0.00096003
0.00103656
0.00104730
0.00107493
0.00081994
0.00104233
0.00072046
0.00088612
0.00092834
0.00104250
0.00080215
0.00074471
0.00074119
0.00084879
0.00071696
0.00086161
0.00077879
0.00075699
0.00074798
0.00077271
0.00076658
0.00081496
0.00087779
0.00076181
0.00079394
0.00089810
0.00081354
0.00072363
0.00087910
0.00073440
0.00078680
0.00070350
0.00086567
0.00071397
0.00088054
0.00071910
0.00075289
0.00076531
0.00129721
0.00080902
0.00074500
0.00073719
0.00098599
0.00081052
0.00087165
0.00072508
0.00089639
0.00078859
0.00079090
0.00084880
0.00087520
0.00073536
0.00076513
0.00102084
0.00072037
0.00088500
0.00087764
0.00081701
0.00076809
0.00071722
0.00074351
0.00093309
0.00088355
0.00087007
0.00121971
0.00117882
0.00128798
0.00122000
0.00113625
0.00073315
0.00108043
0.00132171
0.00111332
0.00108545
0.00076919
0.00077620
0.00072692
0.00070281
0.00082129
0.00139212
0.00125285
0.00121506
0.00094003
0.00115112
0.00128651
0.00072074
0.00132234
0.00074549
0.00074307
0.00111863
0.00078265
0.00090029
0.00113634
0.00115827
0.00074247
0.00076469
0.00116990
0.00115587
0.00117470
0.00077543
0.00141398
0.00116655
0.00152397
0.00113939
0.00119137
0.00112956
0.00073850
0.00113341
0.00079630
0.00072986
0.00074116
0.00121932
0.00073340
0.00114577
0.00074680
0.00073692
0.00086998
0.00116866
0.00112997
0.00079545
0.00119605
0.00117229
0.00134891
0.00073329
0.00246178
0.00114091
0.00073056
0.00072604
0.00185877
0.00450042
0.00072785
0.00109279
0.00109704
0.00544993
0.00072866
0.00119478
0.00109343
0.00323021
0.00078641
0.00072944
0.00110078
0.00072574
0.00151364
0.00072023
0.00115112
0.00113013
0.00131041
0.00117884
0.00113303
0.00118354
0.00113523
0.00113174
0.00130405
0.00120651
0.00114306
0.00072437
0.00069157
0.00109941
0.00110310
0.00105902
0.00104202
0.00114188
0.00106048
0.00108992
0.00111847
0.00088855
0.00069833
0.00084430
0.00072835
0.00071106
0.00134991
0.00100317
0.00087053
0.00085910
0.00086768
0.00087565
0.00089906
0.00098602
0.00097188
0.00097231
0.00068912
0.00071049
0.00083136
0.00070689
0.00069108
0.00103828
0.00095713
0.00085718
0.00074159
0.00098386
0.00072352
0.00071998
0.00531280
0.00137487
0.00159777
0.00148885
0.00074698
0.00303158
0.00694529
0.00584296
0.00072251
0.00071361
0.00073932
0.00118059
0.00120251
0.00123759
0.00145334
0.00114447
0.00230470
0.00110036
0.00077447
0.00113146
0.00239530
0.00102969
0.00098984
0.00111649
0.00113777
0.00430408
0.00363563
0.00119595
0.00400555
0.00292060
0.00113248
0.00115390
0.00270841
0.00870969
0.00114792
0.00114918
0.00219527
0.00317579
0.00124000
0.00113235
0.00122102
0.00252324
0.00119594
0.00659608
0.00111731
0.00521242
0.00221002
0.00254920
0.00105938
0.00199968
0.00076899
0.00117344
0.00115660
0.00124168
