0.00176414
0.03932863
0.04313865
0.03704226
0.03707981
0.03465218
0.04170425
0.03503230
0.03853233
0.03607608
0.03628971
0.04765509
0.03779362
0.04188533
0.03699927
0.03797302
0.04839275
0.03611945
0.05162623
0.03630731
0.04298205
0.03730599
0.04115515
0.03659277
0.04097380
0.04774443
0.03961906
0.04367829
0.03685660
0.03771679
0.03694783
0.04115464
0.03947955
0.04086161
0.03768431
0.04843077
0.04150420
0.03769031
0.03588543
0.03788267
0.03749856
0.03598965
0.03558292
0.03917499
0.03826913
0.03714196
0.04071251
0.04055934
0.03494272
0.03769856
0.03703562
0.04144449
0.03680874
0.03657769
0.03940658
0.03532672
0.03879690
0.03677588
0.03741778
0.03662812
0.04447746
0.03608532
0.03934794
0.03478588
0.04239309
0.03627533
0.04576490
0.03674224
0.04334263
0.03666691
0.03658376
0.03829808
0.04060742
0.03741660
0.03590454
0.04018750
0.03591826
0.03460215
0.04920266
0.03729593
0.03940035
0.03491733
0.03532626
0.03509307
0.03498271
0.03557991
0.03516895
0.03694131
0.03626499
0.03577213
0.03897553
0.03468041
0.03611393
0.03714052
0.03306239
0.03571955
0.03589062
0.03950741
0.04377434
0.03614482
0.03681787
0.03848903
0.03458355
0.03803990
0.03567081
0.03641966
0.03686988
0.03663983
0.03663726
0.03497581
0.03605910
0.03640375
0.03570505
0.03627642
0.03302803
0.03652618
0.03595157
0.03882791
0.03630485
0.03790423
0.03639160
0.03762403
0.03622057
0.03640452
0.03429077
0.04704151
0.03371456
0.03593636
0.04212117
0.03643574
0.03678000
0.03762831
0.03674600
0.03645724
0.03455149
0.03537644
0.03336494
0.03609846
0.03939415
0.03651765
0.03625365
0.03806367
0.03646599
0.04137940
0.03624409
0.03583411
0.03713384
0.03983840
0.03744967
0.03590987
0.03621180
0.03556433
0.03617009
0.03658913
0.03656507
0.03691668
0.03586395
0.03594263
0.03707285
0.04043334
0.03686211
0.03755918
0.03734212
0.03661448
0.03689778
0.03895865
0.03696869
0.03727567
0.03758513
0.03850364
0.03696280
0.03389504
0.03628888
0.03672779
0.03724014
0.03764084
0.03657691
0.03595594
0.03710032
0.03813693
0.04182376
0.03637037
0.04458346
0.03690580
0.03552297
0.03617519
0.03673910
0.03691215
0.03713733
0.04041671
0.03600868
0.03975511
0.03796566
0.03495066
0.03852149
0.03697459
0.00000000
0.00000000
0.00000000
0.00000000
0.00137128
0.03014254
0.02718993
0.02508054
0.02703152
0.02567640
0.02382138
0.02529696
0.02834101
0.02524769
0.02428108
0.02734434
0.02562439
0.02473506
0.02530820
0.02499824
0.02596507
0.02562549
0.02840504
0.02598079
0.02572632
0.02642043
0.02725610
0.02528038
0.02531629
0.02564296
0.02424335
0.02778787
0.02630487
0.02542871
0.02518829
0.02564211
0.02674770
0.00000000
0.00000000
0.00000000
0.00000000
0.00098119
0.02036737
0.02201519
0.02223554
0.02147916
0.02381190
0.02221904
0.02097645
0.02139076
0.02117046
0.02481334
0.02144986
0.02154720
0.02200435
0.02279347
0.02157917
0.02763901
0.02144953
0.02322725
0.02205248
0.02233530
0.02451141
0.02069750
0.02400278
0.02116227
0.02188718
0.02432740
0.02010643
0.01876604
0.02117639
0.02072502
0.02113329
0.02154983
0.02039327
0.02322794
0.01952917
0.02397896
0.02135218
0.02116533
0.02072275
0.02034565
0.02114244
0.02385054
0.02174650
0.02703261
0.02174566
0.02261746
0.02102293
0.02140626
0.00000000
0.00000000
0.00000000
0.00000000
0.00361262
0.10271631
