0.01273528
0.01147517
0.00936754
0.01123959
0.00737612
0.00762749
0.00792759
0.00739640
0.00660373
0.00646026
0.00719834
0.00737676
0.00733397
0.00732668
0.00731203
0.00733192
0.00647188
0.00731828
0.00774459
0.00685378
0.01341004
0.00681759
0.01127437
0.00655389
0.00743149
0.00723825
0.00658821
0.00679731
0.00712362
0.00932791
0.00725240
0.00888004
0.00892782
0.00888898
0.00716399
0.00887208
0.00911545
0.00699301
0.00661595
0.00000000
0.00000000
0.00000000
0.00000000
0.00218326
0.00280060
0.00232571
0.00228678
0.00232378
0.00229133
0.02601859
0.00237405
0.00365704
0.00895414
0.00242172
0.00367512
0.00382411
0.00378359
0.00393776
0.00389568
0.00362640
0.00904126
0.00373245
0.00238091
0.00368194
0.00360408
0.00370060
0.00376747
0.00372150
0.00370947
0.00320342
0.00397731
0.01374681
0.00377690
0.00245787
0.00501628
0.00408441
0.00250978
0.00229453
0.00243829
0.00244924
0.00265983
0.00254687
0.00227007
0.00372845
0.00231121
0.00302338
0.00371023
0.00283564
0.00228254
0.00233713
0.00242928
0.00235030
0.00238625
0.00378379
0.00241307
0.00231785
0.00367284
0.00373377
0.00600873
0.00388653
0.00302420
0.00335123
0.00379072
0.00376642
0.00839441
0.00914756
0.00371817
0.00410088
0.00875306
0.00799842
0.00390533
0.00389100
0.00401312
0.01196994
0.00382648
0.00307315
0.00387654
0.00379619
0.00374553
0.00392864
0.00378523
0.00383630
0.00369002
0.00381754
0.00386684
0.00384018
0.00384410
0.01052819
0.00248951
0.00266173
0.00235715
0.00790362
0.01196310
0.00389407
0.00312267
0.00243408
0.00389492
0.00380978
0.00304312
0.00242527
0.00392059
0.00339963
0.00383538
0.00381410
0.00446790
0.00368795
0.00237111
0.00341182
0.00276931
0.00236348
0.00387035
0.00271177
0.00236864
0.00235647
0.00380176
0.00866449
0.00386643
0.00381531
0.00508519
0.00374683
0.01627236
0.00386495
0.00392217
0.00711799
