1
166.91,79.97,51.00,51.00
166.59,79.98,51.00,51.00
165.83,79.58,51.00,51.00
165.66,80.03,51.00,51.00
165.05,79.50,51.00,51.00
164.92,79.53,51.00,51.00
163.44,79.08,51.00,51.00
163.54,78.93,51.00,51.00
162.12,79.00,51.00,51.00
161.08,80.00,51.00,51.00
157.87,78.84,51.00,51.00
158.33,78.30,51.00,51.00
156.96,76.51,51.00,51.00
155.27,75.68,51.00,51.00
154.82,73.18,51.00,51.00
152.96,73.40,51.00,51.00
153.47,71.97,51.00,51.00
148.90,70.98,51.00,51.00
150.14,71.83,51.00,51.00
151.21,72.00,51.00,51.00
149.77,74.01,51.00,51.00
147.71,71.53,51.00,51.00
149.66,74.80,51.00,51.00
147.77,69.27,51.00,51.00
147.83,66.94,51.00,51.00
144.35,84.05,51.00,51.00
2
0
0
0
0
1
81.71,70.66,47.00,51.00
80.42,72.52,47.00,51.00
79.88,72.47,47.00,51.00
79.47,73.32,47.00,51.00
79.53,73.13,47.00,51.00
80.74,74.16,47.00,51.00
81.68,73.57,47.00,51.00
82.43,72.89,47.00,51.00
83.32,74.33,47.00,51.00
83.20,75.72,47.00,51.00
83.50,80.45,47.00,51.00
83.70,84.43,47.00,51.00
86.38,87.19,47.00,51.00
84.67,89.37,47.00,51.00
88.86,86.68,47.00,51.00
89.36,84.52,47.00,51.00
90.46,87.49,47.00,51.00
98.19,80.39,47.00,51.00
90.22,78.65,47.00,51.00
96.44,85.54,47.00,51.00
99.20,79.26,47.00,51.00
98.37,88.62,47.00,51.00
96.56,90.40,47.00,51.00
104.84,84.58,47.00,51.00
102.94,75.78,47.00,51.00
98.18,75.67,47.00,51.00
101.32,80.14,47.00,51.00
2
0
0
0
0
1
174.34,105.02,53.00,53.00
176.66,106.12,53.00,53.00
178.92,107.05,53.00,53.00
186.35,107.82,53.00,53.00
187.05,108.17,53.00,53.00
190.21,113.03,53.00,53.00
185.22,111.39,53.00,53.00
193.25,113.84,53.00,53.00
189.83,114.27,53.00,53.00
187.68,112.77,53.00,53.00
187.26,118.58,53.00,53.00
191.16,120.03,53.00,53.00
186.12,119.83,53.00,53.00
181.08,111.83,53.00,53.00
188.76,115.29,53.00,53.00
185.53,115.60,53.00,53.00
187.73,120.87,53.00,53.00
193.51,117.63,53.00,53.00
196.94,122.61,53.00,53.00
187.07,118.53,53.00,53.00
185.81,118.68,53.00,53.00
180.40,117.95,53.00,53.00
185.16,118.06,53.00,53.00
187.45,118.33,53.00,53.00
182.93,121.04,53.00,53.00
177.65,119.63,53.00,53.00
176.81,120.34,53.00,53.00
176.28,120.64,53.00,53.00
174.02,120.30,53.00,53.00
174.96,120.95,53.00,53.00
176.12,117.35,53.00,53.00
178.40,114.22,53.00,53.00
176.26,109.70,53.00,53.00
174.67,106.86,53.00,53.00
173.58,104.25,53.00,53.00
174.40,99.55,53.00,53.00
174.25,97.49,53.00,53.00
174.75,94.63,53.00,53.00
171.70,99.60,53.00,53.00
172.73,101.97,53.00,53.00
172.12,98.66,53.00,53.00
171.75,97.22,53.00,53.00
172.06,96.51,53.00,53.00
171.90,97.00,53.00,53.00
171.41,95.88,53.00,53.00
170.64,96.63,53.00,53.00
171.30,95.71,53.00,53.00
170.23,96.89,53.00,53.00
171.47,98.41,53.00,53.00
172.49,97.77,53.00,53.00
170.36,98.29,53.00,53.00
170.07,100.91,53.00,53.00
172.35,98.80,53.00,53.00
172.34,99.05,53.00,53.00
172.42,99.18,53.00,53.00
172.16,100.69,53.00,53.00
173.35,99.25,53.00,53.00
173.78,96.98,53.00,53.00
173.77,97.33,53.00,53.00
173.00,96.58,53.00,53.00
173.09,96.23,53.00,53.00
174.30,95.46,53.00,53.00
173.93,95.64,53.00,53.00
174.44,98.12,53.00,53.00
175.85,95.50,53.00,53.00
176.42,97.84,53.00,53.00
176.53,93.50,53.00,53.00
176.09,91.34,53.00,53.00
180.38,91.73,53.00,53.00
181.25,83.86,53.00,53.00
174.11,86.98,53.00,53.00
168.49,79.15,53.00,53.00
178.67,86.76,53.00,53.00
169.65,87.31,53.00,53.00
174.40,89.82,53.00,53.00
176.28,89.14,53.00,53.00
178.48,88.80,53.00,53.00
2
0
0
0
0
1
198.00,28.84,29.00,53.00
197.19,29.54,29.00,53.00
192.62,31.56,29.00,53.00
190.69,33.91,29.00,53.00
188.34,36.40,29.00,53.00
187.08,39.87,29.00,53.00
190.18,40.72,29.00,53.00
188.74,37.98,29.00,53.00
183.06,40.89,29.00,53.00
187.92,40.95,29.00,53.00
191.70,40.30,29.00,53.00
185.57,46.51,29.00,53.00
189.85,41.67,29.00,53.00
194.92,41.02,29.00,53.00
194.72,45.67,29.00,53.00
187.02,38.15,29.00,53.00
183.36,46.05,29.00,53.00
191.48,47.42,29.00,53.00
190.72,35.95,29.00,53.00
2
0
0
0
0
1
173.56,95.98,49.00,49.00
169.72,94.54,49.00,49.00
167.74,92.38,49.00,49.00
164.04,88.24,49.00,49.00
157.24,91.70,49.00,49.00
164.61,83.39,49.00,49.00
163.09,83.56,49.00,49.00
161.87,83.56,49.00,49.00
160.86,81.79,49.00,49.00
2
0
0
0
0
1
62.66,68.13,47.00,53.00
57.02,67.33,47.00,53.00
52.72,65.72,47.00,53.00
44.27,65.23,47.00,53.00
46.85,72.64,47.00,53.00
44.68,68.72,47.00,53.00
37.68,79.83,47.00,53.00
41.74,75.39,47.00,53.00
50.18,77.18,47.00,53.00
46.75,72.83,47.00,53.00
50.29,95.54,47.00,53.00
50.81,76.05,47.00,53.00
54.49,83.73,47.00,53.00
55.59,84.42,47.00,53.00
54.39,85.03,47.00,53.00
65.97,85.46,47.00,53.00
61.97,87.41,47.00,53.00
58.36,87.28,47.00,53.00
67.74,86.65,47.00,53.00
77.47,90.54,47.00,53.00
2
0
0
0
0
1
92.00,149.09,47.00,47.00
94.26,151.49,47.00,47.00
96.30,152.35,47.00,47.00
98.65,153.91,47.00,47.00
104.28,154.56,47.00,47.00
99.94,155.95,47.00,47.00
106.99,146.87,47.00,47.00
105.99,152.02,47.00,47.00
105.93,151.43,47.00,47.00
108.74,162.73,47.00,47.00
110.59,150.11,47.00,47.00
106.43,151.57,47.00,47.00
109.89,148.32,47.00,47.00
2
0
0
0
0
1
170.22,164.36,49.00,45.00
172.42,160.85,49.00,45.00
173.23,159.46,49.00,45.00
174.90,158.20,49.00,45.00
175.41,157.22,49.00,45.00
176.89,154.41,49.00,45.00
182.17,159.42,49.00,45.00
180.88,153.52,49.00,45.00
181.02,159.92,49.00,45.00
184.32,157.76,49.00,45.00
177.14,151.71,49.00,45.00
183.45,161.69,49.00,45.00
183.55,147.54,49.00,45.00
176.15,147.63,49.00,45.00
186.35,154.41,49.00,45.00
179.39,142.77,49.00,45.00
177.41,147.49,49.00,45.00
175.13,145.14,49.00,45.00
175.82,143.59,49.00,45.00
174.66,141.32,49.00,45.00
178.00,142.03,49.00,45.00
177.33,146.52,49.00,45.00
165.34,137.56,49.00,45.00
2
0
0
0
0
1
169.46,96.15,49.00,47.00
