0.00086268
0.01596900
0.01617751
0.01588257
0.01516450
0.01522519
0.01284737
0.01390728
0.01230110
0.01175442
0.01174282
0.01202235
0.01229461
0.01230991
0.01141382
0.01145321
0.01113639
0.01267550
0.01182078
0.01397849
0.01155595
0.01140041
0.01147474
0.01266228
0.01149536
0.01214856
0.01187096
0.01383292
0.00000000
0.00000000
0.00000000
0.00000000
0.00069599
0.01255251
0.01152884
0.01097108
0.01172707
0.01196964
0.01144874
0.01165053
0.01224921
0.01236654
0.01214153
0.01114920
0.01097294
0.01115343
0.01203758
0.01386778
0.01367605
0.01297462
0.01265747
0.01226661
0.01335940
0.01372356
0.01188858
0.01562886
0.01231300
0.01182980
0.01173902
0.01175589
0.01229253
0.00000000
0.00000000
0.00000000
0.00000000
0.00064194
0.01433926
0.01463672
0.01401677
0.01302709
0.01206849
0.01284695
0.01424121
0.01334813
0.01200079
0.01581648
0.01529344
0.01324221
0.01183554
0.01604316
0.01598898
0.01216611
0.01196670
0.01494507
0.01432698
0.01401573
0.01345663
0.01170643
0.01271641
0.01239845
0.01280335
0.01713933
0.01336920
0.01390585
0.01274480
0.01206172
0.01409786
0.01367796
0.01401183
0.02024283
0.01357174
0.01262817
0.01249147
0.01492288
0.01286350
0.01251948
0.01267489
0.01254347
0.01536931
0.01395011
0.01271406
0.01275407
0.01441018
0.01453339
0.01373026
0.01391174
0.01191098
0.01237762
0.01290164
0.01351375
0.01254177
0.01318553
0.01280568
0.01237813
0.01280822
0.01164927
0.01231195
0.01446581
0.01210764
0.01549514
0.01499895
0.01272631
0.01240176
0.01304399
0.01563833
0.01191099
0.01207376
0.01310064
0.01344649
0.01380821
0.01326984
0.01355463
0.01290831
0.01305916
0.00000000
0.00000000
0.00000000
0.00000000
0.00061252
0.01108833
0.01126474
0.01147144
0.01182161
0.01210540
0.01186258
0.01153509
0.01123649
0.01015191
0.01237557
0.01704351
0.01283107
0.01113614
0.01125180
0.01304286
0.01262217
0.01336521
0.01255122
0.01567467
0.01326078
0.00000000
0.00000000
0.00000000
0.00000000
0.00080352
0.01172842
0.01311384
0.01183629
0.01344118
0.01318253
0.01151233
0.01598085
0.01244940
0.01223634
0.01330658
0.00000000
0.00000000
0.00000000
0.00000000
0.00061676
0.01417567
0.01168494
0.01160095
0.01134400
0.01153031
0.01236873
0.01120236
0.01131367
0.01103808
0.01215074
0.01345616
0.01573942
0.01236159
0.01186397
0.01208523
0.01201980
0.01217481
0.01228278
0.01247517
0.01228971
0.01391420
0.00000000
0.00000000
0.00000000
0.00000000
0.00062438
0.01233722
0.01239572
0.01111466
0.01463063
0.01231385
0.01223349
0.01259773
0.01143809
0.01189324
0.01213234
0.02023851
0.01378238
0.01248779
0.01242112
0.00000000
0.00000000
0.00000000
0.00000000
0.00062294
0.01363155
0.01403313
0.01355209
0.01396968
0.01355378
0.01294467
0.01355381
0.01414627
0.01850529
0.01446568
0.01518063
0.01253696
0.01244635
0.01273904
0.01369178
0.01251595
0.01157680
0.01224021
0.01209167
0.01311542
0.01423841
0.01510318
0.01323358
0.01374093
0.00000000
0.00000000
0.00000000
0.00000000
0.00079001
0.01454101
